Number of nodes 2061 
     0 :  3.7500000e-01  5.0000000e-01 
     1 :  0.0000000e+00 -1.0000000e+00 
     2 : -5.0000000e-01 -5.0000000e-01 
     3 :  5.0000000e-01 -1.0000000e+00 
     4 : -5.0000000e-01  1.0000000e+00 
     5 :  5.0000000e-01  1.0000000e+00 
     6 :  3.7346104e-01  5.1955431e-01 
     7 :  3.6888206e-01  5.3862712e-01 
     8 :  3.6137582e-01  5.5674881e-01 
     9 :  3.5112712e-01  5.7347316e-01 
    10 :  3.3838835e-01  5.8838835e-01 
    11 :  3.2347316e-01  6.0112712e-01 
    12 :  3.0674881e-01  6.1137582e-01 
    13 :  2.8862712e-01  6.1888206e-01 
    14 :  2.6955431e-01  6.2346104e-01 
    15 :  2.5000000e-01  6.2500000e-01 
    16 :  2.3044569e-01  6.2346104e-01 
    17 :  2.1137288e-01  6.1888206e-01 
    18 :  1.9325119e-01  6.1137582e-01 
    19 :  1.7652684e-01  6.0112712e-01 
    20 :  1.6161165e-01  5.8838835e-01 
    21 :  1.4887288e-01  5.7347316e-01 
    22 :  1.3862418e-01  5.5674881e-01 
    23 :  1.3111794e-01  5.3862712e-01 
    24 :  1.2653896e-01  5.1955431e-01 
    25 :  1.2500000e-01  5.0000000e-01 
    26 :  1.2653896e-01  4.8044569e-01 
    27 :  1.3111794e-01  4.6137288e-01 
    28 :  1.3862418e-01  4.4325119e-01 
    29 :  1.4887288e-01  4.2652684e-01 
    30 :  1.6161165e-01  4.1161165e-01 
    31 :  1.7652684e-01  3.9887288e-01 
    32 :  1.9325119e-01  3.8862418e-01 
    33 :  2.1137288e-01  3.8111794e-01 
    34 :  2.3044569e-01  3.7653896e-01 
    35 :  2.5000000e-01  3.7500000e-01 
    36 :  2.6955431e-01  3.7653896e-01 
    37 :  2.8862712e-01  3.8111794e-01 
    38 :  3.0674881e-01  3.8862418e-01 
    39 :  3.2347316e-01  3.9887288e-01 
    40 :  3.3838835e-01  4.1161165e-01 
    41 :  3.5112712e-01  4.2652684e-01 
    42 :  3.6137582e-01  4.4325119e-01 
    43 :  3.6888206e-01  4.6137288e-01 
    44 :  3.7346104e-01  4.8044569e-01 
    45 : -2.4709389e-05 -9.9502921e-01 
    46 : -9.8835115e-05 -9.9005891e-01 
    47 : -2.2236985e-04 -9.8508959e-01 
    48 : -3.9530139e-04 -9.8012174e-01 
    49 : -6.1761263e-04 -9.7515586e-01 
    50 : -8.8928161e-04 -9.7019244e-01 
    51 : -1.2102815e-03 -9.6523196e-01 
    52 : -1.5805805e-03 -9.6027492e-01 
    53 : -2.0001421e-03 -9.5532180e-01 
    54 : -2.4689247e-03 -9.5037310e-01 
    55 : -2.9868822e-03 -9.4542931e-01 
    56 : -3.5539631e-03 -9.4049090e-01 
    57 : -4.1701116e-03 -9.3555838e-01 
    58 : -4.8352668e-03 -9.3063223e-01 
    59 : -5.5493628e-03 -9.2571294e-01 
    60 : -6.3123290e-03 -9.2080099e-01 
    61 : -7.1240902e-03 -9.1589686e-01 
    62 : -7.9845660e-03 -9.1100105e-01 
    63 : -8.8936714e-03 -9.0611404e-01 
    64 : -9.8513166e-03 -9.0123630e-01 
    65 : -1.0857407e-02 -8.9636833e-01 
    66 : -1.1911843e-02 -8.9151060e-01 
    67 : -1.3014520e-02 -8.8666359e-01 
    68 : -1.4165330e-02 -8.8182778e-01 
    69 : -1.5364159e-02 -8.7700365e-01 
    70 : -1.6610887e-02 -8.7219168e-01 
    71 : -1.7905393e-02 -8.6739235e-01 
    72 : -1.9247548e-02 -8.6260611e-01 
    73 : -2.0637219e-02 -8.5783346e-01 
    74 : -2.2074269e-02 -8.5307486e-01 
    75 : -2.3558557e-02 -8.4833078e-01 
    76 : -2.5089934e-02 -8.4360170e-01 
    77 : -2.6668251e-02 -8.3888807e-01 
    78 : -2.8293350e-02 -8.3419036e-01 
    79 : -2.9965072e-02 -8.2950904e-01 
    80 : -3.1683251e-02 -8.2484458e-01 
    81 : -3.3447717e-02 -8.2019742e-01 
    82 : -3.5258296e-02 -8.1556804e-01 
    83 : -3.7114809e-02 -8.1095688e-01 
    84 : -3.9017073e-02 -8.0636441e-01 
    85 : -4.0964899e-02 -8.0179108e-01 
    86 : -4.2958094e-02 -7.9723734e-01 
    87 : -4.4996463e-02 -7.9270364e-01 
    88 : -4.7079803e-02 -7.8819043e-01 
    89 : -4.9207909e-02 -7.8369815e-01 
    90 : -5.1380570e-02 -7.7922725e-01 
    91 : -5.3597571e-02 -7.7477817e-01 
    92 : -5.5858694e-02 -7.7035136e-01 
    93 : -5.8163714e-02 -7.6594724e-01 
    94 : -6.0512405e-02 -7.6156625e-01 
    95 : -6.2904533e-02 -7.5720883e-01 
    96 : -6.5339863e-02 -7.5287541e-01 
    97 : -6.7818153e-02 -7.4856641e-01 
    98 : -7.0339160e-02 -7.4428226e-01 
    99 : -7.2902633e-02 -7.4002339e-01 
   100 : -7.5508319e-02 -7.3579021e-01 
   101 : -7.8155961e-02 -7.3158315e-01 
   102 : -8.0845297e-02 -7.2740261e-01 
   103 : -8.3576061e-02 -7.2324902e-01 
   104 : -8.6347984e-02 -7.1912279e-01 
   105 : -8.9160791e-02 -7.1502431e-01 
   106 : -9.2014204e-02 -7.1095400e-01 
   107 : -9.4907941e-02 -7.0691226e-01 
   108 : -9.7841717e-02 -7.0289949e-01 
   109 : -1.0081524e-01 -6.9891608e-01 
   110 : -1.0382822e-01 -6.9496243e-01 
   111 : -1.0688036e-01 -6.9103893e-01 
   112 : -1.0997135e-01 -6.8714596e-01 
   113 : -1.1310089e-01 -6.8328392e-01 
   114 : -1.1626867e-01 -6.7945318e-01 
   115 : -1.1947437e-01 -6.7565412e-01 
   116 : -1.2271769e-01 -6.7188713e-01 
   117 : -1.2599830e-01 -6.6815256e-01 
   118 : -1.2931587e-01 -6.6445079e-01 
   119 : -1.3267008e-01 -6.6078218e-01 
   120 : -1.3606059e-01 -6.5714710e-01 
   121 : -1.3948708e-01 -6.5354591e-01 
   122 : -1.4294920e-01 -6.4997896e-01 
   123 : -1.4644661e-01 -6.4644661e-01 
   124 : -1.4997896e-01 -6.4294920e-01 
   125 : -1.5354591e-01 -6.3948708e-01 
   126 : -1.5714710e-01 -6.3606059e-01 
   127 : -1.6078218e-01 -6.3267008e-01 
   128 : -1.6445079e-01 -6.2931587e-01 
   129 : -1.6815256e-01 -6.2599830e-01 
   130 : -1.7188713e-01 -6.2271769e-01 
   131 : -1.7565412e-01 -6.1947437e-01 
   132 : -1.7945318e-01 -6.1626867e-01 
   133 : -1.8328392e-01 -6.1310089e-01 
   134 : -1.8714596e-01 -6.0997135e-01 
   135 : -1.9103893e-01 -6.0688036e-01 
   136 : -1.9496243e-01 -6.0382822e-01 
   137 : -1.9891608e-01 -6.0081524e-01 
   138 : -2.0289949e-01 -5.9784172e-01 
   139 : -2.0691226e-01 -5.9490794e-01 
   140 : -2.1095400e-01 -5.9201420e-01 
   141 : -2.1502431e-01 -5.8916079e-01 
   142 : -2.1912279e-01 -5.8634798e-01 
   143 : -2.2324902e-01 -5.8357606e-01 
   144 : -2.2740261e-01 -5.8084530e-01 
   145 : -2.3158315e-01 -5.7815596e-01 
   146 : -2.3579021e-01 -5.7550832e-01 
   147 : -2.4002339e-01 -5.7290263e-01 
   148 : -2.4428226e-01 -5.7033916e-01 
   149 : -2.4856641e-01 -5.6781815e-01 
   150 : -2.5287541e-01 -5.6533986e-01 
   151 : -2.5720883e-01 -5.6290453e-01 
   152 : -2.6156625e-01 -5.6051240e-01 
   153 : -2.6594724e-01 -5.5816371e-01 
   154 : -2.7035136e-01 -5.5585869e-01 
   155 : -2.7477817e-01 -5.5359757e-01 
   156 : -2.7922725e-01 -5.5138057e-01 
   157 : -2.8369815e-01 -5.4920791e-01 
   158 : -2.8819043e-01 -5.4707980e-01 
   159 : -2.9270364e-01 -5.4499646e-01 
   160 : -2.9723734e-01 -5.4295809e-01 
   161 : -3.0179108e-01 -5.4096490e-01 
   162 : -3.0636441e-01 -5.3901707e-01 
   163 : -3.1095688e-01 -5.3711481e-01 
   164 : -3.1556804e-01 -5.3525830e-01 
   165 : -3.2019742e-01 -5.3344772e-01 
   166 : -3.2484458e-01 -5.3168325e-01 
   167 : -3.2950904e-01 -5.2996507e-01 
   168 : -3.3419036e-01 -5.2829335e-01 
   169 : -3.3888807e-01 -5.2666825e-01 
   170 : -3.4360170e-01 -5.2508993e-01 
   171 : -3.4833078e-01 -5.2355856e-01 
   172 : -3.5307486e-01 -5.2207427e-01 
   173 : -3.5783346e-01 -5.2063722e-01 
   174 : -3.6260611e-01 -5.1924755e-01 
   175 : -3.6739235e-01 -5.1790539e-01 
   176 : -3.7219168e-01 -5.1661089e-01 
   177 : -3.7700365e-01 -5.1536416e-01 
   178 : -3.8182778e-01 -5.1416533e-01 
   179 : -3.8666359e-01 -5.1301452e-01 
   180 : -3.9151060e-01 -5.1191184e-01 
   181 : -3.9636833e-01 -5.1085741e-01 
   182 : -4.0123630e-01 -5.0985132e-01 
   183 : -4.0611404e-01 -5.0889367e-01 
   184 : -4.1100105e-01 -5.0798457e-01 
   185 : -4.1589686e-01 -5.0712409e-01 
   186 : -4.2080099e-01 -5.0631233e-01 
   187 : -4.2571294e-01 -5.0554936e-01 
   188 : -4.3063223e-01 -5.0483527e-01 
   189 : -4.3555838e-01 -5.0417011e-01 
   190 : -4.4049090e-01 -5.0355396e-01 
   191 : -4.4542931e-01 -5.0298688e-01 
   192 : -4.5037310e-01 -5.0246892e-01 
   193 : -4.5532180e-01 -5.0200014e-01 
   194 : -4.6027492e-01 -5.0158058e-01 
   195 : -4.6523196e-01 -5.0121028e-01 
   196 : -4.7019244e-01 -5.0088928e-01 
   197 : -4.7515586e-01 -5.0061761e-01 
   198 : -4.8012174e-01 -5.0039530e-01 
   199 : -4.8508959e-01 -5.0022237e-01 
   200 : -4.9005891e-01 -5.0009884e-01 
   201 : -4.9502921e-01 -5.0002471e-01 
   202 :  4.8663852e-03 -1.0000000e+00 
   203 :  9.8143888e-03 -1.0000000e+00 
   204 :  1.4929204e-02 -1.0000000e+00 
   205 :  2.0305148e-02 -1.0000000e+00 
   206 :  2.6052421e-02 -1.0000000e+00 
   207 :  3.2305919e-02 -1.0000000e+00 
   208 :  3.9237478e-02 -1.0000000e+00 
   209 :  4.7073930e-02 -1.0000000e+00 
   210 :  5.6124493e-02 -1.0000000e+00 
   211 :  6.6824003e-02 -1.0000000e+00 
   212 :  7.9802850e-02 -1.0000000e+00 
   213 :  9.6002734e-02 -1.0000000e+00 
   214 :  1.1686982e-01 -1.0000000e+00 
   215 :  1.4466868e-01 -1.0000000e+00 
   216 :  1.8290043e-01 -1.0000000e+00 
   217 :  2.3615297e-01 -1.0000000e+00 
   218 :  3.1003734e-01 -1.0000000e+00 
   219 :  4.0294298e-01 -1.0000000e+00 
   220 : -5.0000000e-01  9.0192817e-01 
   221 : -5.0000000e-01  8.0385633e-01 
   222 : -5.0000000e-01  7.0578450e-01 
   223 : -5.0000000e-01  6.0771266e-01 
   224 : -5.0000000e-01  5.0964083e-01 
   225 : -5.0000000e-01  4.1156899e-01 
   226 : -5.0000000e-01  3.1349716e-01 
   227 : -5.0000000e-01  2.1542533e-01 
   228 : -5.0000000e-01  1.1735349e-01 
   229 : -5.0000000e-01  1.9281658e-02 
   230 : -5.0000000e-01 -7.8790176e-02 
   231 : -5.0000000e-01 -1.7450968e-01 
   232 : -5.0000000e-01 -2.5308386e-01 
   233 : -5.0000000e-01 -3.0986948e-01 
   234 : -5.0000000e-01 -3.5048871e-01 
   235 : -5.0000000e-01 -3.7982183e-01 
   236 : -5.0000000e-01 -4.0167224e-01 
   237 : -5.0000000e-01 -4.1851979e-01 
   238 : -5.0000000e-01 -4.3193883e-01 
   239 : -5.0000000e-01 -4.4294702e-01 
   240 : -5.0000000e-01 -4.5222059e-01 
   241 : -5.0000000e-01 -4.6022285e-01 
   242 : -5.0000000e-01 -4.6728121e-01 
   243 : -5.0000000e-01 -4.7363450e-01 
   244 : -5.0000000e-01 -4.7946276e-01 
   245 : -5.0000000e-01 -4.8490666e-01 
   246 : -5.0000000e-01 -4.9008067e-01 
   247 : -5.0000000e-01 -4.9508244e-01 
   248 :  5.0000000e-01 -9.0000000e-01 
   249 :  5.0000000e-01 -8.0000000e-01 
   250 :  5.0000000e-01 -7.0000000e-01 
   251 :  5.0000000e-01 -6.0000000e-01 
   252 :  5.0000000e-01 -5.0000000e-01 
   253 :  5.0000000e-01 -4.0000000e-01 
   254 :  5.0000000e-01 -3.0000000e-01 
   255 :  5.0000000e-01 -2.0000000e-01 
   256 :  5.0000000e-01 -1.0000000e-01 
   257 :  5.0000000e-01  0.0000000e+00 
   258 :  5.0000000e-01  1.0000000e-01 
   259 :  5.0000000e-01  2.0000000e-01 
   260 :  5.0000000e-01  3.0000000e-01 
   261 :  5.0000000e-01  4.0000000e-01 
   262 :  5.0000000e-01  5.0000000e-01 
   263 :  5.0000000e-01  6.0000000e-01 
   264 :  5.0000000e-01  7.0000000e-01 
   265 :  5.0000000e-01  8.0000000e-01 
   266 :  5.0000000e-01  9.0000000e-01 
   267 :  4.0000000e-01  1.0000000e+00 
   268 :  3.0000000e-01  1.0000000e+00 
   269 :  2.0000000e-01  1.0000000e+00 
   270 :  1.0000000e-01  1.0000000e+00 
   271 :  0.0000000e+00  1.0000000e+00 
   272 : -1.0000000e-01  1.0000000e+00 
   273 : -2.0000000e-01  1.0000000e+00 
   274 : -3.0000000e-01  1.0000000e+00 
   275 : -4.0000000e-01  1.0000000e+00 
   276 : -2.4618503e-01 -5.6344487e-01 
   277 : -2.0402980e-01 -5.9074613e-01 
   278 : -1.5359505e-01 -6.3243862e-01 
   279 : -1.2181895e-01 -6.6474277e-01 
   280 : -7.9405244e-02 -7.2041825e-01 
   281 :  1.7606685e-01  3.7755861e-01 
   282 : -5.1319248e-02 -7.6814327e-01 
   283 : -3.2483241e-02 -8.0893017e-01 
   284 :  1.1053842e-01  4.5973357e-01 
   285 :  1.1176224e-01  5.3599445e-01 
   286 : -3.6108718e-01 -5.1448810e-01 
   287 : -1.4449891e-02 -8.6094347e-01 
   288 : -4.0007406e-01 -5.0493383e-01 
   289 : -2.9056848e-01 -5.4042308e-01 
   290 : -7.0430847e-03 -8.9021687e-01 
   291 : -5.5614930e-04 -9.2491914e-01 
   292 :  3.8603554e-01 -1.8286020e-01 
   293 : -4.2994502e-01 -4.9983300e-01 
   294 : -4.2241156e-01 -7.9089542e-02 
   295 : -4.9002909e-01 -4.4214952e-01 
   296 : -4.0896807e-01  2.0815130e-01 
   297 :  2.5561883e-03 -9.4989004e-01 
   298 :  3.8606490e-01 -5.0134031e-01 
   299 :  1.2033598e-01 -9.7467387e-01 
   300 : -4.7637417e-01 -3.7621590e-01 
   301 : -4.5985909e-01 -4.9654520e-01 
   302 : -4.0702393e-01  7.1310844e-01 
   303 : -4.0716577e-01  5.2928156e-01 
   304 :  3.9443256e-02 -9.9418572e-01 
   305 :  2.5143929e-01  6.4766575e-01 
   306 :  1.5977426e-01  6.1462377e-01 
   307 :  2.2653525e-01  3.5333849e-01 
   308 : -3.3348757e-01 -5.2188790e-01 
   309 : -1.7622642e-01 -6.1239960e-01 
   310 : -4.9311877e-01 -4.6687523e-01 
   311 :  4.6297673e-03 -9.7984738e-01 
   312 : -9.3849853e-02 -6.9986959e-01 
   313 : -4.7988677e-01 -4.9535862e-01 
   314 :  2.9576056e-01  3.6888793e-01 
   315 :  6.7123228e-03  9.1045511e-01 
   316 : -2.6224563e-01 -5.5337672e-01 
   317 : -1.3578599e-01 -6.4967983e-01 
   318 : -6.0932698e-02 -7.5040238e-01 
   319 : -2.2051637e-01 -5.7938101e-01 
   320 : -3.1371545e-01 -5.3045577e-01 
   321 : -1.0912424e-01 -6.7979133e-01 
   322 :  1.8521928e-01  9.1510186e-01 
   323 :  4.1825247e-01 -4.2209847e-03 
   324 :  3.4398618e-01  6.0901794e-01 
   325 :  3.5769536e-01  3.9345634e-01 
   326 : -3.7540417e-01 -5.1054698e-01 
   327 : -3.0232475e-03 -9.0999610e-01 
   328 :  1.5104862e-02 -9.9458340e-01 
   329 : -4.9463302e-01 -4.8470369e-01 
   330 :  3.8742879e-01 -7.9432359e-01 
   331 :  2.2695477e-01 -9.5509946e-01 
   332 : -4.4393375e-01 -2.4410886e-01 
   333 :  3.9266014e-01  7.9620074e-01 
   334 :  2.9932806e-01  6.3832664e-01 
   335 :  3.7808063e-01  5.6428124e-01 
   336 :  3.8847534e-01  4.5496847e-01 
   337 : -3.0388227e-01  9.0322238e-01 
   338 :  8.0901399e-02 -9.8295045e-01 
   339 : -4.4987254e-01 -4.9744641e-01 
   340 :  3.4457250e-03 -9.5986461e-01 
   341 : -4.1997005e-01 -5.0133207e-01 
   342 : -1.7304954e-02 -8.5115940e-01 
   343 : -2.3536644e-02 -8.3233617e-01 
   344 : -1.1810685e-02 -8.7068598e-01 
   345 :  1.4622328e-03 -9.3989167e-01 
   346 : -4.9495782e-01 -4.9503949e-01 
   347 :  4.8748439e-03 -9.8990632e-01 
   348 :  3.8497668e-01  2.1642958e-01 
   349 :  4.0090778e-01  5.2664725e-01 
   350 :  4.0270195e-01 -9.0200964e-01 
   351 :  1.2385729e-01  5.6235673e-01 
   352 :  1.2351723e-01  4.3130132e-01 
   353 : -4.8511911e-01 -4.1674561e-01 
   354 :  5.5648248e-02 -9.9205301e-01 
   355 :  1.8435013e-01 -9.6226042e-01 
   356 : -4.9133374e-01 -4.5156784e-01 
   357 :  3.9848173e-01  9.0149468e-01 
   358 :  4.0901444e-01 -6.9602451e-01 
   359 :  4.0252621e-01 -3.9053135e-01 
   360 : -3.9103596e-01  4.2070916e-01 
   361 : -4.0897129e-01  1.1019929e-01 
   362 : -4.5766051e-01 -3.0370705e-01 
   363 : -4.9381069e-01 -4.7330201e-01 
   364 : -4.0191203e-01  9.0305194e-01 
   365 :  2.6223311e-02 -9.9364106e-01 
   366 : -2.0538399e-01  8.9896504e-01 
   367 :  9.9330290e-03 -9.9480955e-01 
   368 : -3.4114132e-01 -5.1947454e-01 
   369 : -3.5153239e-01 -5.1718934e-01 
   370 : -3.9017213e-01 -5.0702368e-01 
   371 :  1.6689559e-04 -9.2990372e-01 
   372 : -4.6987188e-01 -4.9585354e-01 
   373 : -4.1000239e-01 -5.0302624e-01 
   374 : -4.3991428e-01 -4.9853927e-01 
   375 :  4.1446735e-03 -9.6983492e-01 
   376 : -2.0238008e-02 -8.4197413e-01 
   377 : -4.8489650e-01 -4.9518592e-01 
   378 :  4.9091686e-03 -9.9494236e-01 
   379 :  4.1139088e-01  3.1199087e-01 
   380 :  1.8857955e-01  6.3756674e-01 
   381 :  3.2348457e-01  6.2792225e-01 
   382 :  3.3585372e-01  3.7748722e-01 
   383 :  4.0984253e-01  3.9648889e-01 
   384 :  3.7717975e-01  4.1701070e-01 
   385 : -4.3163092e-01 -1.6658565e-01 
   386 :  3.0212474e-01 -4.4990172e-01 
   387 :  5.2769354e-03 -9.2913600e-01 
   388 : -3.2025196e-01  2.0216411e-01 
   389 : -3.6065793e-01 -1.6559816e-01 
   390 : -3.1940063e-01  4.9409646e-01 
   391 : -4.8304253e-01 -4.5186804e-01 
   392 :  3.2886517e-01 -7.4507805e-01 
   393 : -2.1479793e-03 -9.1496656e-01 
   394 : -4.7953239e-01 -4.9022782e-01 
   395 : -4.8778812e-01 -4.7331044e-01 
   396 :  3.4892980e-01  3.4947448e-01 
   397 :  4.0291132e-01  4.9406445e-01 
   398 :  2.8246205e-01  3.5852524e-01 
   399 : -4.1824614e-01 -3.1553994e-01 
   400 :  4.2302096e-01  7.0199833e-01 
   401 :  4.0836784e-01  1.5436605e-01 
   402 :  3.2078068e-01 -9.0362205e-01 
   403 :  1.4442852e-01  5.9830839e-01 
   404 :  3.2079435e-01  8.2325443e-01 
   405 :  9.5175823e-02  9.1640404e-01 
   406 :  2.2995605e-01  6.4875872e-01 
   407 :  4.1173880e-01 -8.8874703e-02 
   408 :  4.0878765e-01 -6.0558042e-01 
   409 : -9.2624422e-02  8.8250194e-01 
   410 : -3.1004883e-01  8.0902387e-01 
   411 :  4.0159269e-01 -2.9264357e-01 
   412 :  2.8818221e-01  8.9738296e-01 
   413 : -4.1429572e-01  1.3580249e-02 
   414 : -4.0797333e-01  3.0554069e-01 
   415 : -4.0902201e-01  6.2100228e-01 
   416 :  1.4861356e-01 -9.6873086e-01 
   417 :  4.3652167e-01  5.4703354e-01 
   418 : -4.0460739e-01  8.0728000e-01 
   419 : -4.6873526e-01 -3.4574136e-01 
   420 : -4.5485775e-01 -4.9696583e-01 
   421 :  3.0283826e-03 -9.5488209e-01 
   422 : -4.2495788e-01 -5.0055303e-01 
   423 :  4.7848114e-03 -9.8486120e-01 
   424 :  4.4193416e-03 -9.7482689e-01 
   425 : -4.4489593e-01 -4.9796511e-01 
   426 : -4.6486391e-01 -4.9616992e-01 
   427 :  2.0398438e-03 -9.4489155e-01 
   428 :  8.4557027e-04 -9.3489226e-01 
   429 : -4.3493304e-01 -4.9915538e-01 
   430 : -4.7486722e-01 -4.9557660e-01 
   431 :  3.8226843e-03 -9.6484067e-01 
   432 : -4.8991640e-01 -4.9507483e-01 
   433 :  3.3287220e-02 -9.9195597e-01 
   434 : -4.9228664e-01 -4.5965056e-01 
   435 : -4.8124206e-01 -3.9880732e-01 
   436 : -4.8790861e-01 -4.3068705e-01 
   437 : -4.9429512e-01 -4.7917671e-01 
   438 :  2.0512182e-02 -9.9422491e-01 
   439 :  9.8535714e-02 -9.7942028e-01 
   440 :  4.6699984e-02 -9.8946334e-01 
   441 :  6.4208240e-02 -9.8483778e-01 
   442 : -4.9483050e-01 -4.8994890e-01 
   443 :  9.9491512e-03 -9.8962729e-01 
   444 :  2.7511415e-01  6.4510924e-01 
   445 :  2.0585565e-01  3.6060004e-01 
   446 :  3.8038032e-01  5.8678281e-01 
   447 :  3.8969750e-01  5.5178353e-01 
   448 :  4.3379445e-01  4.3950064e-01 
   449 :  3.8058952e-01  3.6643359e-01 
   450 :  3.1851620e-01  3.6873747e-01 
   451 :  3.7770585e-01  6.3232104e-01 
   452 :  1.2209385e-01  4.5193809e-01 
   453 :  3.0600980e-01 -8.2713167e-01 
   454 :  1.2265442e-01  5.4511295e-01 
   455 : -3.7584440e-01 -2.5656793e-01 
   456 : -4.2926949e-01 -4.9470872e-01 
   457 :  1.0173388e-01  4.3832862e-01 
   458 : -3.0130056e-01 -2.3956096e-01 
   459 :  2.8184305e-01 -7.5927361e-01 
   460 :  7.6836491e-03 -9.4943481e-01 
   461 : -4.6971261e-01 -4.1702871e-01 
   462 : -4.5940674e-01 -4.9136284e-01 
   463 :  1.4514560e-01  6.2578725e-01 
   464 :  9.2666773e-03 -9.6930342e-01 
   465 :  1.7834202e-01 -9.2363662e-01 
   466 :  2.1975451e-01  3.2813827e-01 
   467 :  9.1420590e-02  8.3947935e-01 
   468 :  2.5891301e-02 -9.8789951e-01 
   469 :  2.3053039e-01  6.6854066e-01 
   470 :  3.0775363e-01  6.5617019e-01 
   471 :  3.4155343e-01  1.3457198e-01 
   472 : -3.1721064e-01  7.1884837e-01 
   473 : -3.2439280e-01  2.9167598e-01 
   474 :  3.1195991e-01 -2.9031141e-01 
   475 :  3.3598341e-01 -7.6798136e-02 
   476 : -4.4934167e-01 -4.9234954e-01 
   477 :  4.5592214e-03 -9.2407666e-01 
   478 :  3.6897039e-02 -9.8497685e-01 
   479 :  5.2724249e-02 -9.7813619e-01 
   480 :  8.0533898e-02 -9.6672407e-01 
   481 :  1.1771899e-01 -9.4955015e-01 
   482 : -3.2314147e-01  5.5180599e-01 
   483 : -4.5334526e-01 -3.7698289e-01 
   484 : -2.9633270e-01  4.2722376e-01 
   485 :  3.3337547e-01  7.4926204e-01 
   486 :  3.1639433e-01 -3.7519761e-01 
   487 :  3.1019731e-01  3.3969089e-01 
   488 : -2.1830649e-01  8.0430744e-01 
   489 :  3.4060165e-01  6.5469771e-01 
   490 :  3.3166367e-01 -6.8786214e-01 
   491 :  9.8904037e-03 -9.8448642e-01 
   492 : -1.3188236e-03 -9.1993528e-01 
   493 :  9.7605007e-03 -9.7938464e-01 
   494 :  6.5908047e-03 -9.3926482e-01 
   495 : -4.3938885e-01 -4.9342746e-01 
   496 :  8.5177398e-03 -9.5942385e-01 
   497 : -4.1912642e-01 -4.9623570e-01 
   498 : -4.8457082e-01 -4.9004469e-01 
   499 : -4.8865454e-01 -4.7914427e-01 
   500 : -4.6954071e-01 -4.9073804e-01 
   501 :  5.9668811e-03 -9.3418770e-01 
   502 : -4.7451736e-01 -4.9046569e-01 
   503 : -4.8966854e-01 -4.8994301e-01 
   504 : -3.4623373e-01 -8.2280905e-02 
   505 : -3.0470469e-01  9.5940640e-02 
   506 : -4.8637466e-01 -4.6684520e-01 
   507 :  4.4464362e-01  4.9484027e-01 
   508 : -4.8029503e-01 -4.4289158e-01 
   509 :  1.5164753e-02 -9.8918007e-01 
   510 :  2.4922782e-01  6.7321062e-01 
   511 :  2.5496980e-01  3.4544480e-01 
   512 :  2.0817224e-01  6.5468476e-01 
   513 :  3.5916123e-01  3.2276459e-01 
   514 :  1.9227649e-01  3.6746687e-01 
   515 :  4.1063977e-01  5.7909754e-01 
   516 :  4.2552832e-01  6.2962294e-01 
   517 :  4.4114734e-01  3.7551736e-01 
   518 :  2.3669643e-01  8.3521349e-01 
   519 :  1.3181154e-01  5.7912141e-01 
   520 :  7.9854354e-02  4.4621907e-01 
   521 :  2.1607828e-01 -4.4737084e-01 
   522 :  1.1859815e-02 -9.3855060e-01 
   523 : -2.1901912e-01  1.2323013e-01 
   524 : -2.4453814e-01  4.2642481e-01 
   525 : -3.0365407e-01 -3.0340602e-01 
   526 : -4.7678241e-01 -4.5249694e-01 
   527 :  2.1373693e-01  6.8176178e-01 
   528 :  2.5416892e-01 -6.8440136e-01 
   529 : -4.8211940e-01 -4.7369341e-01 
   530 :  3.2956982e-01  1.9423711e-01 
   531 :  1.7442868e-02  8.3372945e-01 
   532 :  2.4764717e-01 -8.4393471e-01 
   533 :  3.3254440e-01  3.0414141e-01 
   534 : -4.6931855e-01 -4.8565801e-01 
   535 :  2.1656629e-01 -9.1055178e-01 
   536 :  1.0534550e-02 -9.2830988e-01 
   537 :  3.4270611e-01 -5.3274275e-03 
   538 : -2.3280999e-01  7.1804900e-01 
   539 :  2.9480601e-01 -2.0758887e-01 
   540 : -3.3252695e-01  1.8653011e-03 
   541 :  1.7367408e-01  3.5701351e-01 
   542 :  1.6746538e-01  8.3930160e-01 
   543 : -2.4778919e-01  5.6478753e-01 
   544 : -3.8846995e-01 -3.4858284e-01 
   545 : -2.4843906e-01  2.8177539e-01 
   546 : -2.8863691e-01 -1.6573383e-01 
   547 :  9.7023846e-02 -9.5989244e-01 
   548 : -4.5432208e-01 -4.9181190e-01 
   549 :  7.1819300e-03 -9.4435021e-01 
   550 :  2.0524157e-02 -9.8859026e-01 
   551 :  2.9364125e-03 -9.1398356e-01 
   552 : -4.3434216e-01 -4.9402503e-01 
   553 :  9.5574092e-03 -9.7429811e-01 
   554 : -4.4439038e-01 -4.9287991e-01 
   555 : -4.6451033e-01 -4.9100860e-01 
   556 : -4.2419906e-01 -4.9543419e-01 
   557 :  8.1222949e-03 -9.5446547e-01 
   558 : -4.1404334e-01 -4.9706616e-01 
   559 :  8.9076373e-03 -9.6432796e-01 
   560 :  3.7868481e-03 -9.1902027e-01 
   561 : -4.7890524e-01 -4.8500841e-01 
   562 : -4.8399703e-01 -4.8476394e-01 
   563 :  1.4479488e-01 -9.3672804e-01 
   564 : -4.6216916e-01 -3.9875924e-01 
   565 :  1.5025006e-02 -9.7860009e-01 
   566 :  6.6630240e-02 -9.6902271e-01 
   567 :  4.2980048e-02 -9.7927662e-01 
   568 : -4.8924961e-01 -4.8464647e-01 
   569 :  1.5140672e-02 -9.8383991e-01 
   570 :  9.5010985e-02  4.1456604e-01 
   571 :  2.9971290e-02 -9.8728174e-01 
   572 :  1.8387236e-01  6.6442737e-01 
   573 : -4.7557820e-01 -4.3148724e-01 
   574 :  3.4544340e-01  6.7093409e-02 
   575 :  1.7546517e-01  6.2814459e-01 
   576 :  2.8474934e-01  6.7484263e-01 
   577 : -3.2281737e-01  6.3242485e-01 
   578 :  1.2305781e-01  6.1552236e-01 
   579 :  2.4000858e-01  3.2464684e-01 
   580 :  2.7678949e-01  3.1692282e-01 
   581 :  3.2230059e-01  6.9661666e-01 
   582 : -3.2501322e-01  3.6841298e-01 
   583 :  2.3881885e-01  7.0894961e-01 
   584 :  2.5890274e-01  7.5286469e-01 
   585 :  2.6887263e-01 -7.0382465e-02 
   586 :  7.1001411e-02  4.2188059e-01 
   587 : -4.1827545e-01 -4.9094916e-01 
   588 :  2.3033183e-01 -2.9222549e-01 
   589 :  2.1283714e-01 -7.1761956e-01 
   590 :  7.9204363e-02 -9.5500125e-01 
   591 : -4.3899070e-01 -4.8823527e-01 
   592 :  1.3434315e-02 -9.5889027e-01 
   593 :  5.5160449e-02 -9.6759671e-01 
   594 :  2.0545172e-03 -9.0892233e-01 
   595 :  3.7835617e-02 -9.7798484e-01 
   596 :  2.8153727e-01  1.2516105e-01 
   597 :  2.1585195e-01  2.9852654e-01 
   598 :  1.5013505e-01  3.7040019e-01 
   599 :  1.1348523e-01  6.4328400e-01 
   600 :  2.6198225e-01 -5.2001434e-01 
   601 :  8.9207235e-02  7.7366192e-01 
   602 :  1.7408945e-01  6.9993282e-01 
   603 :  1.1549959e-01  4.0666920e-01 
   604 : -1.5558186e-01  7.0675122e-01 
   605 : -4.4865794e-01 -4.8733786e-01 
   606 : -4.8014070e-01 -4.6789335e-01 
   607 :  2.5815752e-02 -9.8244519e-01 
   608 : -4.6210623e-01 -4.3594884e-01 
   609 : -4.4325205e-01 -4.0137013e-01 
   610 :  8.9521150e-02  4.7512985e-01 
   611 :  3.3042107e-01 -6.0940656e-01 
   612 :  2.1776030e-01 -7.7525544e-01 
   613 : -1.3272784e-01  7.8542486e-01 
   614 :  2.7929778e-01  6.2509400e-02 
   615 : -2.7305453e-01 -8.7878541e-02 
   616 : -4.2207326e-01 -3.6002176e-01 
   617 : -2.4617155e-01  4.9553946e-01 
   618 : -2.3881749e-01  2.0242846e-01 
   619 :  3.5786602e-01  2.6640141e-01 
   620 : -2.3974715e-01 -2.4051171e-01 
   621 : -4.7790176e-01 -4.7974881e-01 
   622 :  9.8641866e-03 -9.2317930e-01 
   623 : -4.1497945e-01 -5.0214107e-01 
   624 : -4.5889194e-01 -4.8579231e-01 
   625 : -4.7401277e-01 -4.8543302e-01 
   626 :  1.4825552e-02 -9.7337678e-01 
   627 :  1.2971303e-02 -9.4906656e-01 
   628 : -4.2861830e-01 -4.8939903e-01 
   629 :  2.4704617e-01  3.0341651e-01 
   630 :  1.1207373e-02 -9.3339449e-01 
   631 :  1.4460910e-02 -9.6829010e-01 
   632 :  8.1611158e-03 -9.1292289e-01 
   633 :  1.6912593e-01 -8.8458038e-01 
   634 : -2.4806604e-01  3.5604185e-01 
   635 : -4.6437591e-01 -4.8559237e-01 
   636 :  1.2474336e-02 -9.4379591e-01 
   637 : -2.4344374e-01  6.3786742e-01 
   638 :  2.0432521e-02 -9.7751534e-01 
   639 :  1.0801347e-01 -9.2803696e-01 
   640 : -4.8464511e-01 -4.5966408e-01 
   641 : -4.7189278e-01 -4.4645134e-01 
   642 : -4.8315772e-01 -4.7932710e-01 
   643 :  2.9545335e-01  7.2320723e-01 
   644 :  2.0491378e-02 -9.8306757e-01 
   645 :  1.5074946e-01  6.4999654e-01 
   646 :  4.1904976e-01  7.9857888e-02 
   647 : -2.5035754e-01  4.2399165e-02 
   648 :  2.6132958e-01 -9.0396858e-01 
   649 :  2.6154076e-01 -9.4434536e-01 
   650 :  3.2901567e-01 -1.2880669e-01 
   651 :  2.7378686e-01  7.0405629e-01 
   652 :  6.6346123e-02 -9.5647973e-01 
   653 : -4.5371885e-01 -4.1926296e-01 
   654 :  3.6389850e-01  6.9693145e-01 
   655 :  1.9034268e-01 -5.3701958e-01 
   656 :  1.6349424e-01 -7.5022978e-01 
   657 : -1.4648337e-01  1.3576874e-01 
   658 : -2.5313661e-01 -3.0155116e-01 
   659 :  1.7267027e-02 -9.3761772e-01 
   660 : -4.3894920e-01 -4.2394126e-01 
   661 : -1.7968090e-01  5.0068621e-01 
   662 :  6.5343877e-02 -9.4471938e-01 
   663 :  8.4354011e-02  6.2498974e-01 
   664 : -4.5827951e-01 -4.7962342e-01 
   665 :  7.2562759e-03 -9.0781699e-01 
   666 : -1.8372781e-01  3.5059729e-01 
   667 :  2.1836766e-01  2.6256704e-01 
   668 : -4.7665133e-01 -4.7440915e-01 
   669 : -4.1308656e-01 -4.9179295e-01 
   670 :  2.8051419e-02  7.6807761e-01 
   671 : -1.7212474e-01  6.3432428e-01 
   672 :  1.5163965e-01  3.3223454e-01 
   673 :  2.7719304e-01  1.8119680e-01 
   674 :  1.5838632e-02 -9.2752842e-01 
   675 :  1.9464401e-01 -6.4864834e-01 
   676 :  2.5958093e-02 -9.7666386e-01 
   677 :  1.8447906e-01 -8.2044055e-01 
   678 :  2.1595666e-01 -2.1289967e-01 
   679 :  2.5379369e-01 -4.2251748e-01 
   680 : -3.7133184e-01 -3.7216272e-01 
   681 :  3.2550512e-01 -5.4782779e-01 
   682 : -4.7033068e-02  7.5290333e-01 
   683 : -1.8020464e-01  2.8170432e-01 
   684 :  1.5274788e-01  7.6321278e-01 
   685 :  3.1266375e-01  2.4364236e-01 
   686 :  2.7380952e-01 -3.7289407e-03 
   687 : -2.1942387e-01 -1.7071917e-01 
   688 : -4.3073986e-01 -3.7956763e-01 
   689 : -4.6942740e-01 -4.8184358e-01 
   690 : -3.9389662e-03 -9.0501626e-01 
   691 : -4.4722599e-01 -4.3641697e-01 
   692 : -4.6445527e-01 -4.5335435e-01 
   693 : -4.0895216e-01 -4.9794345e-01 
   694 :  1.9702085e-02 -9.6647068e-01 
   695 : -4.5346197e-01 -4.8644496e-01 
   696 :  1.3242270e-02 -9.5414188e-01 
   697 : -4.2344632e-01 -4.9012317e-01 
   698 :  2.6158751e-01 -6.0442357e-01 
   699 :  4.4775471e-02 -9.7354831e-01 
   700 :  9.0797729e-03 -9.1802392e-01 
   701 : -4.4397109e-01 -4.8789453e-01 
   702 :  1.3865751e-02 -9.6342310e-01 
   703 : -4.7551246e-01 -4.5997818e-01 
   704 :  1.3700605e-01  6.9079092e-01 
   705 : -4.3382024e-01 -4.8874225e-01 
   706 :  2.0747164e-01  7.3113333e-01 
   707 :  5.5586421e-02 -9.5670978e-01 
   708 :  1.8430724e-02 -9.4893413e-01 
   709 :  1.3179020e-01 -9.0109420e-01 
   710 : -4.4004023e-01 -3.5054203e-01 
   711 : -4.7296503e-01 -4.8069767e-01 
   712 :  2.0208356e-02 -9.7192983e-01 
   713 :  9.0974641e-02 -9.4323160e-01 
   714 :  6.1296432e-02  4.5211712e-01 
   715 :  8.9709140e-02  3.9614175e-01 
   716 : -2.6066965e-01 -1.2487167e-02 
   717 : -4.5900447e-01 -4.4533786e-01 
   718 :  2.7650338e-01 -1.3578249e-01 
   719 :  1.3816174e-01  4.1354929e-01 
   720 :  1.0763624e-01  4.8707721e-01 
   721 :  4.2869403e-01  2.4195789e-01 
   722 :  2.0429894e-01 -8.6439565e-01 
   723 : -3.8298648e-02  8.2260640e-01 
   724 :  1.6432642e-01  3.8613518e-01 
   725 :  2.4473981e-01 -3.6872994e-01 
   726 :  3.1013055e-02 -9.8298043e-01 
   727 :  2.9024952e-01  7.9332859e-01 
   728 : -4.1745474e-01 -4.8539023e-01 
   729 : -4.3877361e-01 -4.8296187e-01 
   730 :  2.0227019e-01 -6.7418248e-02 
   731 :  1.4061481e-01 -3.0035781e-01 
   732 :  6.7094970e-02  3.9461178e-01 
   733 : -4.3868746e-01 -4.3939699e-01 
   734 :  5.5060727e-02 -9.4601677e-01 
   735 : -4.0786511e-01 -4.9268873e-01 
   736 : -1.2979052e-01  3.5011245e-01 
   737 :  1.3382929e-02 -9.1177691e-01 
   738 : -3.8229037e-02  6.5395607e-01 
   739 :  3.8093745e-02 -9.7086443e-01 
   740 :  5.8563461e-02  4.7477279e-01 
   741 : -4.9173341e-03 -9.0005867e-01 
   742 :  2.2664954e-01  1.2151054e-01 
   743 :  4.1637583e-02  7.1128754e-01 
   744 :  1.3055595e-01  3.5273236e-01 
   745 :  1.5572045e-02 -9.2230366e-01 
   746 :  2.5822132e-02 -9.7057212e-01 
   747 : -2.6037677e-01 -3.5155143e-01 
   748 : -3.4044633e-01 -3.6957160e-01 
   749 :  9.9867465e-02  6.7760881e-01 
   750 :  1.0783603e-01  5.0476262e-01 
   751 : -4.5392884e-01 -4.5489511e-01 
   752 :  2.5705129e-01  2.7020248e-01 
   753 :  1.7523399e-01  3.0394976e-01 
   754 :  1.1135383e-01  5.8175957e-01 
   755 : -1.6979169e-01  4.2458837e-01 
   756 : -1.7972502e-01  5.6666465e-01 
   757 :  2.1881493e-01  6.3296747e-02 
   758 :  1.3164355e-01 -8.6101140e-01 
   759 :  9.3324645e-02 -9.1336369e-01 
   760 : -1.6756795e-01  2.1004655e-01 
   761 : -1.8734722e-01 -2.5545085e-01 
   762 :  1.6009120e-01 -7.8297176e-01 
   763 :  1.3603341e-01  3.8749499e-01 
   764 : -2.0142776e-01 -9.4722103e-02 
   765 : -1.9859366e-01  5.0864458e-02 
   766 :  1.1249023e-03 -9.0384703e-01 
   767 :  2.0125397e-01 -5.9720123e-01 
   768 : -4.0502374e-01 -5.0394689e-01 
   769 : -4.2485124e-01 -4.0747309e-01 
   770 : -4.2802442e-01 -4.8382137e-01 
   771 :  1.7968661e-02 -9.4315343e-01 
   772 : -4.5103948e-01 -4.4644516e-01 
   773 : -4.6541748e-01 -4.7891514e-01 
   774 : -4.7577774e-01 -4.6996162e-01 
   775 :  1.6414063e-02 -9.3243777e-01 
   776 : -4.5108140e-01 -4.8009608e-01 
   777 :  1.7067396e-02 -9.5829721e-01 
   778 :  1.6479074e-01 -4.7547881e-01 
   779 :  1.8940293e-02 -9.5426402e-01 
   780 : -4.0683531e-01 -3.8539382e-01 
   781 :  1.0343160e-01 -8.9220485e-01 
   782 :  1.8480607e-02 -9.6138763e-01 
   783 :  2.0598813e-01 -1.3789181e-01 
   784 : -4.4777118e-01 -4.8363614e-01 
   785 : -4.8751866e-03  6.9099044e-01 
   786 :  7.3781116e-02 -9.4323646e-01 
   787 :  1.2487926e-01  7.2214087e-01 
   788 :  1.9473057e-01  3.3744143e-01 
   789 :  1.5049345e-01  3.9941676e-01 
   790 :  3.9649801e-02  4.3460015e-01 
   791 :  1.6059219e-01 -8.5127799e-01 
   792 :  2.6791040e-01  2.2934049e-01 
   793 :  3.1668974e-02 -9.7683404e-01 
   794 :  2.9494294e-01  2.8412116e-01 
   795 :  1.6600217e-01 -6.9428828e-01 
   796 :  2.0958110e-01  7.8210513e-01 
   797 :  1.1102797e-01  3.7682358e-01 
   798 :  1.1615652e-01 -4.9963718e-01 
   799 :  1.2463071e-02 -9.0689880e-01 
   800 :  1.1434489e-01 -7.0002167e-01 
   801 :  8.8029452e-02 -8.8919922e-01 
   802 : -3.5432945e-01 -4.0392673e-01 
   803 : -8.1296031e-02  1.5675989e-01 
   804 :  1.3312491e-01 -6.2370689e-02 
   805 :  2.4223502e-02 -9.4880990e-01 
   806 :  1.9933466e-02 -9.2716769e-01 
   807 : -4.3942764e-01 -4.4913781e-01 
   808 : -1.1097752e-01  4.5227229e-01 
   809 :  1.7698921e-01  2.5890291e-01 
   810 : -4.5757362e-01 -4.7342753e-01 
   811 :  3.1559636e-02  3.9928464e-01 
   812 :  4.5895320e-02 -9.4684659e-01 
   813 :  1.2394976e-04 -8.9879248e-01 
   814 : -4.6382648e-01 -4.6173982e-01 
   815 :  2.2784403e-01  1.7386821e-01 
   816 :  1.2946461e-01  4.0232660e-01 
   817 :  1.5967269e-02  6.5911059e-01 
   818 :  1.5232929e-01 -5.9773224e-01 
   819 :  1.2726979e-01 -8.2692403e-01 
   820 : -2.0622005e-01 -3.1166921e-01 
   821 :  1.2200007e-01 -7.4074072e-01 
   822 :  1.3297276e-01  3.1870585e-01 
   823 : -1.2012823e-01  2.9026314e-01 
   824 : -1.4486299e-01 -1.9116427e-01 
   825 :  1.4000066e-01 -2.1144701e-01 
   826 : -4.7130117e-01 -4.7562715e-01 
   827 :  2.0930555e-01 -2.2469667e-05 
   828 : -4.0994123e-01 -4.1810814e-01 
   829 : -4.2708203e-01 -4.3355386e-01 
   830 : -3.9878305e-01 -4.9990310e-01 
   831 : -1.9276593e-01 -1.9789922e-02 
   832 : -5.9502165e-03 -8.9511878e-01 
   833 :  1.8306753e-01 -3.8397126e-01 
   834 : -4.0385311e-01 -4.9888266e-01 
   835 :  2.3571401e-02 -9.5682979e-01 
   836 :  2.5227136e-02 -9.6426202e-01 
   837 :  1.0638754e-01  5.5677281e-01 
   838 :  2.2375469e-01  2.2062031e-01 
   839 :  4.6037898e-02 -9.6513623e-01 
   840 :  6.3408182e-03 -9.0267205e-01 
   841 : -4.3338470e-01 -4.8326239e-01 
   842 : -4.1215284e-01 -4.8624885e-01 
   843 : -8.9212576e-02  6.8298669e-01 
   844 : -4.2274013e-01 -4.8452721e-01 
   845 :  7.4525861e-02  3.5632405e-01 
   846 :  1.0557864e-01 -8.6562859e-01 
   847 : -4.4398256e-01 -4.8310741e-01 
   848 :  2.2867592e-02 -9.3626654e-01 
   849 :  1.4722355e-02 -9.1682452e-01 
   850 :  5.4826515e-02  6.5683060e-01 
   851 :  2.7050527e-02  4.6923934e-01 
   852 :  1.4804217e-01 -8.2115856e-01 
   853 : -4.4443157e-01 -4.7787172e-01 
   854 :  6.4492085e-02 -9.3283362e-01 
   855 :  3.1772671e-02 -9.7018591e-01 
   856 : -4.4545026e-01 -4.5816041e-01 
   857 : -1.1909464e-01  5.0563835e-01 
   858 :  8.6846562e-02  5.0630388e-01 
   859 :  7.1935639e-02 -9.1736320e-01 
   860 :  9.0345025e-02  7.2063868e-01 
   861 :  1.1063799e-01  3.3139167e-01 
   862 :  1.1751585e-02 -9.0173152e-01 
   863 : -2.1928578e-01 -3.6075842e-01 
   864 :  8.0773911e-02 -8.7118924e-01 
   865 : -4.1665933e-01 -4.7950369e-01 
   866 :  5.6211919e-02  5.1343849e-01 
   867 :  8.5209413e-02 -3.5977628e-01 
   868 : -4.2807133e-01 -4.4662556e-01 
   869 : -1.2590862e-01 -1.0199003e-01 
   870 :  8.8415616e-02  5.8484932e-01 
   871 :  1.7288697e-02 -9.1070837e-01 
   872 : -6.7131823e-02  3.0654603e-01 
   873 : -1.2516061e-01  6.1008931e-02 
   874 : -6.6136230e-02  5.0658945e-01 
   875 :  1.0750829e-03  6.3008623e-01 
   876 : -4.0678029e-01 -4.8715871e-01 
   877 : -4.5594292e-01 -4.6206632e-01 
   878 : -4.2751253e-01 -4.7781352e-01 
   879 :  2.2955868e-02 -9.2224148e-01 
   880 :  9.6473206e-02  3.0308959e-01 
   881 :  3.5202989e-02  6.1295272e-01 
   882 : -1.4374036e-01 -2.7905467e-01 
   883 : -3.2680792e-01 -4.1558125e-01 
   884 :  1.1913586e-01 -7.8573209e-01 
   885 : -3.8455413e-01 -3.9957024e-01 
   886 : -4.1363995e-01 -4.3989838e-01 
   887 :  6.2419738e-02 -2.5452859e-01 
   888 :  5.3409891e-03 -8.9750659e-01 
   889 :  1.3312677e-01 -1.3705552e-01 
   890 :  1.2957506e-01 -4.1612181e-01 
   891 : -3.9510224e-01 -5.0595010e-01 
   892 : -1.1885318e-01  5.6330736e-01 
   893 : -2.0893875e-03 -8.8877730e-01 
   894 : -9.4311597e-04 -8.9376402e-01 
   895 : -4.0025535e-01 -4.3131680e-01 
   896 : -4.6981006e-01 -4.6804928e-01 
   897 : -4.0261376e-01 -4.9364441e-01 
   898 :  9.0983516e-02  5.2729205e-01 
   899 : -4.3857674e-01 -4.7750128e-01 
   900 : -4.5168427e-01 -4.7290933e-01 
   901 :  2.3768857e-02 -9.4228588e-01 
   902 :  1.4569401e-01  8.3801830e-03 
   903 : -4.6320583e-01 -4.7178864e-01 
   904 :  1.0156901e-01 -8.3614802e-01 
   905 :  1.3758642e-01 -5.4958740e-01 
   906 :  1.7960885e-01  2.1559175e-01 
   907 : -5.7016456e-02  6.0610708e-01 
   908 :  2.4780912e-02  3.6358290e-01 
   909 :  5.4236708e-02 -9.3529429e-01 
   910 :  4.6369100e-02 -9.5606292e-01 
   911 : -1.2328118e-01 -2.4196439e-01 
   912 :  7.8736257e-02 -9.3012991e-01 
   913 :  3.8397772e-02 -9.6351732e-01 
   914 :  3.1516456e-02 -9.6325630e-01 
   915 :  2.1470158e-02 -9.3083796e-01 
   916 :  1.9554323e-02  5.0522743e-01 
   917 : -4.3453542e-01 -4.5612077e-01 
   918 :  8.6763297e-03  4.3283128e-01 
   919 :  1.3294447e-01  2.9572068e-01 
   920 : -1.0339798e-01  2.2544588e-01 
   921 :  8.4511439e-02 -5.6068233e-01 
   922 :  9.5516159e-02 -8.0965612e-01 
   923 : -4.0133024e-01 -4.8814287e-01 
   924 : -3.9407093e-01 -4.4331125e-01 
   925 : -2.4455137e-02  1.8340105e-01 
   926 :  3.0526013e-02 -3.1286555e-01 
   927 :  2.8981716e-02 -9.3429381e-01 
   928 : -4.2789163e-01 -4.5536856e-01 
   929 :  1.6838584e-02  5.4156723e-01 
   930 : -2.9578141e-03  4.1173541e-01 
   931 : -8.2489902e-02 -2.5200367e-01 
   932 :  6.1521903e-02 -5.0068990e-02 
   933 :  8.3636879e-02 -4.5098425e-01 
   934 :  3.0663990e-02 -9.4827095e-01 
   935 : -4.4957923e-01 -4.6467721e-01 
   936 : -6.2539803e-02  4.5973713e-01 
   937 :  1.0823625e-02 -8.9636488e-01 
   938 : -1.3643878e-02  4.5735219e-01 
   939 : -2.3228705e-01 -3.9995580e-01 
   940 :  2.7081283e-02 -9.2808090e-01 
   941 : -3.2074482e-01 -3.9162875e-01 
   942 :  2.2043146e-02  5.7702429e-01 
   943 :  7.9081587e-02 -8.4397760e-01 
   944 : -1.1707627e-01 -1.9027610e-02 
   945 : -3.8198312e-01 -4.2525303e-01 
   946 : -6.5455681e-02 -1.9126505e-01 
   947 :  1.3186781e-01  2.5781255e-01 
   948 : -8.1563191e-02  3.5864269e-01 
   949 : -1.6214889e-01 -3.2966509e-01 
   950 :  6.3302461e-02 -9.2087533e-01 
   951 :  8.4777994e-02 -2.0768363e-01 
   952 : -4.4437145e-01 -4.7042577e-01 
   953 : -3.9734754e-01 -4.9467819e-01 
   954 : -3.9368175e-01 -5.0093915e-01 
   955 :  1.8150241e-01  1.7008424e-01 
   956 : -8.1653236e-03 -8.8529205e-01 
   957 :  3.8357242e-02 -9.5566784e-01 
   958 :  1.7649488e-02 -9.0676222e-01 
   959 : -4.5691620e-01 -4.6786974e-01 
   960 : -4.3296439e-01 -4.7750104e-01 
   961 : -3.6591939e-02  2.5095316e-01 
   962 :  3.0156123e-03 -8.8719976e-01 
   963 :  4.2356796e-03 -8.9234494e-01 
   964 : -4.1124551e-01 -4.8040519e-01 
   965 : -4.2207939e-01 -4.7853430e-01 
   966 :  7.6434353e-02  5.4456351e-01 
   967 : -4.0760093e-02  8.8407584e-02 
   968 :  2.1396589e-02 -9.1402580e-01 
   969 :  3.1118215e-02 -9.5591572e-01 
   970 : -6.5418133e-02  5.5593709e-01 
   971 :  9.7867106e-02  6.0800252e-01 
   972 : -4.6125044e-01 -4.6740590e-01 
   973 :  9.2567481e-02 -7.6604277e-01 
   974 : -1.0959258e-01  6.2187418e-01 
   975 : -3.6197824e-01 -4.2571927e-01 
   976 :  6.9367562e-02 -8.1972429e-01 
   977 : -3.9581546e-01 -4.8921124e-01 
   978 :  6.2211324e-02 -8.6511639e-01 
   979 : -3.8859379e-01 -5.0203740e-01 
   980 :  6.1082590e-02 -9.0892466e-01 
   981 :  2.3331837e-02 -9.0743616e-01 
   982 :  5.3025534e-02 -9.2468050e-01 
   983 :  2.9267510e-02  2.0034753e-01 
   984 : -4.1565920e-01 -4.7343551e-01 
   985 : -4.0673999e-01 -4.5057817e-01 
   986 : -4.2730540e-01 -4.7108699e-01 
   987 :  3.5996627e-02 -9.3160066e-01 
   988 : -9.3313884e-03 -8.8039293e-01 
   989 :  1.1187387e-01 -6.0866536e-01 
   990 : -2.9763085e-01 -4.1637897e-01 
   991 : -4.3827748e-01 -4.7293989e-01 
   992 : -1.1144331e-02  2.8988893e-01 
   993 :  4.7068410e-02 -1.4487953e-01 
   994 :  2.1045886e-02  3.2539101e-01 
   995 :  1.1349879e-03 -2.1756138e-01 
   996 : -2.6618340e-01 -3.9024119e-01 
   997 : -4.4358601e-02 -1.1467958e-01 
   998 : -2.0066817e-02 -1.3428756e-02 
   999 : -3.5107743e-01 -3.1965788e-01 
  1000 : -1.9358567e-01 -4.2271321e-01 
  1001 : -9.9687039e-02 -3.0384159e-01 
  1002 :  4.2330662e-02 -4.0427844e-01 
  1003 : -4.2740039e-01 -4.6345285e-01 
  1004 : -2.7557188e-02  3.7453126e-01 
  1005 : -1.7788364e-01 -3.7690460e-01 
  1006 : -3.8034509e-01 -4.4081772e-01 
  1007 : -3.2361231e-03 -8.8375809e-01 
  1008 :  8.3073340e-02 -5.1554306e-01 
  1009 : -4.0567152e-01 -4.8129353e-01 
  1010 :  1.3284933e-01  2.1227051e-01 
  1011 :  3.7941258e-02 -9.4756895e-01 
  1012 : -9.5919161e-02  4.0494746e-01 
  1013 : -4.5266899e-01 -4.6852736e-01 
  1014 :  3.0117036e-02 -9.4106181e-01 
  1015 :  1.7462586e-02 -9.0128464e-01 
  1016 : -4.3672415e-01 -4.6343406e-01 
  1017 : -2.0161369e-02  5.4785097e-01 
  1018 : -3.9204532e-01 -4.9575733e-01 
  1019 : -2.0099357e-02  5.0477166e-01 
  1020 :  8.3348199e-03 -8.8560831e-01 
  1021 :  9.6644973e-03 -8.9097300e-01 
  1022 : -1.3007400e-01  3.9149907e-01 
  1023 :  5.0318771e-02  5.6365011e-01 
  1024 :  7.6655656e-02  2.6289758e-01 
  1025 :  4.0630718e-02  5.4006491e-01 
  1026 :  6.4017883e-02  5.9653329e-01 
  1027 : -2.4972160e-02  4.2709999e-01 
  1028 :  5.9853657e-02  3.1705574e-01 
  1029 :  3.8220761e-02 -5.3947050e-01 
  1030 : -3.6623326e-01 -4.4163400e-01 
  1031 : -1.5032510e-01 -4.3537241e-01 
  1032 : -3.9024640e-01 -4.9033928e-01 
  1033 : -2.1031642e-01 -4.5512934e-01 
  1034 : -3.9883632e-01 -4.5454221e-01 
  1035 :  1.3643462e-01  1.6487813e-01 
  1036 : -3.8750330e-03 -3.6308727e-01 
  1037 : -4.4252040e-03 -8.7877353e-01 
  1038 : -3.1421626e-01 -4.3908108e-01 
  1039 :  3.3891621e-02  1.4674150e-01 
  1040 : -2.6529561e-02 -2.7760474e-01 
  1041 :  5.3163115e-02 -5.9529315e-01 
  1042 :  2.7414533e-03 -4.3952406e-01 
  1043 :  3.4935910e-02  3.5741870e-02 
  1044 :  5.0462851e-02  2.9116326e-01 
  1045 : -1.1922611e-01 -3.5157554e-01 
  1046 :  3.7203461e-02 -9.3944700e-01 
  1047 : -1.0544175e-02 -8.7550960e-01 
  1048 : -3.8520680e-01 -5.0813878e-01 
  1049 : -3.8673795e-01 -4.9689400e-01 
  1050 : -3.9415180e-01 -4.8346151e-01 
  1051 :  1.8342254e-03 -8.8205618e-01 
  1052 :  3.4205336e-02 -9.2420535e-01 
  1053 : -3.9992556e-01 -4.8229028e-01 
  1054 : -2.7191674e-01 -4.1972437e-01 
  1055 : -4.3207390e-01 -4.7091723e-01 
  1056 :  4.4051222e-02 -9.2831649e-01 
  1057 :  1.6687853e-02 -8.9547427e-01 
  1058 : -4.1812414e-01 -4.6384074e-01 
  1059 : -4.2038888e-01 -4.4670500e-01 
  1060 : -5.2936773e-02  4.1800264e-01 
  1061 :  2.8117772e-02 -9.1362848e-01 
  1062 : -2.0469620e-02  3.2145391e-01 
  1063 :  4.0948875e-02 -4.8947949e-01 
  1064 :  1.6030389e-01 -6.3172587e-01 
  1065 : -1.3358866e-02  5.9040379e-01 
  1066 :  2.3010546e-02  2.4866543e-01 
  1067 : -4.1026604e-01 -4.7438845e-01 
  1068 : -2.9779044e-01 -3.8845989e-01 
  1069 : -4.2108349e-01 -4.7198697e-01 
  1070 :  2.3707664e-02 -9.0127292e-01 
  1071 :  1.3759796e-02 -8.8404472e-01 
  1072 :  8.1979764e-02  2.0731328e-01 
  1073 :  5.0994439e-02 -9.1438005e-01 
  1074 :  2.7228636e-02 -5.7170232e-01 
  1075 : -3.8463957e-01 -4.9152254e-01 
  1076 : -1.8255679e-01 -4.5794883e-01 
  1077 : -3.9208972e-01 -4.7760449e-01 
  1078 : -3.8838518e-01 -4.5127516e-01 
  1079 : -3.4440137e-01 -4.3187261e-01 
  1080 :  7.7156818e-02 -6.2633764e-01 
  1081 :  4.7218431e-02 -9.0450536e-01 
  1082 : -3.5935878e-02 -4.0477540e-01 
  1083 :  3.0030759e-02 -9.0861948e-01 
  1084 :  6.1690999e-04 -8.7695178e-01 
  1085 : -4.0076658e-01 -4.6085881e-01 
  1086 : -8.2615192e-03 -5.0083923e-01 
  1087 : -5.2066882e-02 -3.3019893e-01 
  1088 :  3.1163432e-02 -9.1774362e-01 
  1089 : -2.4555466e-01 -4.2819815e-01 
  1090 :  1.7637103e-01  1.2313418e-01 
  1091 :  4.6567103e-03 -5.3579798e-01 
  1092 : -1.3713360e-01 -3.9577654e-01 
  1093 : -6.9641318e-03 -8.6896106e-01 
  1094 : -3.8027150e-01 -5.0931700e-01 
  1095 : -3.8348030e-01 -5.0318548e-01 
  1096 : -3.3487180e-01 -4.3863142e-01 
  1097 : -5.6606683e-03 -8.7382177e-01 
  1098 : -4.0434806e-01 -4.7508315e-01 
  1099 : -3.8827414e-01 -4.8464650e-01 
  1100 :  7.1071444e-03 -8.8032297e-01 
  1101 :  3.3695402e-02  8.6695871e-02 
  1102 : -4.1880266e-01 -4.5369753e-01 
  1103 :  1.5381492e-02 -8.8962640e-01 
  1104 : -9.0383077e-03  1.4263233e-01 
  1105 :  8.7564366e-02  1.5495703e-01 
  1106 :  4.5288938e-02 -9.3749981e-01 
  1107 :  1.3412388e-01 -6.4697405e-01 
  1108 : -4.1428554e-01 -4.6873223e-01 
  1109 :  2.3050070e-02 -8.9469396e-01 
  1110 :  2.0438553e-02  2.8879632e-01 
  1111 : -2.9998683e-01 -3.5253693e-01 
  1112 :  2.8376894e-02 -6.1744213e-01 
  1113 : -3.8946547e-02 -5.1837538e-01 
  1114 :  1.2514981e-02 -8.7878850e-01 
  1115 : -3.2990661e-01 -4.5259814e-01 
  1116 : -2.5668281e-01 -4.4923630e-01 
  1117 : -2.0356884e-01 -4.8056327e-01 
  1118 : -3.8238745e-01 -4.8583346e-01 
  1119 : -1.5746955e-01 -4.6768780e-01 
  1120 : -3.9202349e-01 -4.6167304e-01 
  1121 :  5.6326133e-02 -8.9759242e-01 
  1122 :  1.0278243e-01  9.3759350e-02 
  1123 : -3.5287217e-01 -4.4460274e-01 
  1124 : -7.6727853e-02 -3.7611331e-01 
  1125 : -3.2680604e-02 -4.6831689e-01 
  1126 : -1.1708510e-01 -4.5201207e-01 
  1127 : -3.8141636e-01 -4.9809772e-01 
  1128 : -3.7343047e-01 -5.0570568e-01 
  1129 : -1.3117664e-02 -8.6580114e-01 
  1130 : -3.7838384e-01 -5.0440614e-01 
  1131 : -4.0893334e-01 -4.6102906e-01 
  1132 : -4.0942640e-01 -4.6819895e-01 
  1133 :  3.6826872e-02 -9.0240679e-01 
  1134 : -3.9807546e-01 -4.7614768e-01 
  1135 :  5.9117000e-03 -8.7507953e-01 
  1136 : -3.8617977e-01 -4.7893436e-01 
  1137 :  3.0777199e-02 -9.0169988e-01 
  1138 :  1.4058379e-01  1.2879826e-01 
  1139 : -2.0163784e-03 -8.6695081e-01 
  1140 : -6.4752212e-04 -8.7191102e-01 
  1141 :  4.2373199e-02 -9.1950315e-01 
  1142 :  8.2877368e-02  2.1489924e-02 
  1143 :  2.1446867e-02 -8.8806286e-01 
  1144 : -3.2193067e-01 -4.5856486e-01 
  1145 : -3.8015574e-01 -4.7983430e-01 
  1146 :  4.7487212e-02 -6.4299051e-01 
  1147 :  8.3716726e-03 -5.9444205e-01 
  1148 : -1.3126362e-01 -4.8182840e-01 
  1149 : -3.5764464e-01 -4.5618614e-01 
  1150 : -3.8178941e-01 -4.6481247e-01 
  1151 : -3.6578610e-01 -5.1316705e-01 
  1152 : -2.1945530e-01 -4.6879768e-01 
  1153 : -6.0618690e-02 -4.9372110e-01 
  1154 : -3.8863225e-01 -4.7184338e-01 
  1155 :  1.1641783e-02 -8.7339734e-01 
  1156 :  4.9763623e-02 -8.8758302e-01 
  1157 :  1.9064967e-02 -8.8200042e-01 
  1158 : -9.8881960e-02 -4.1632531e-01 
  1159 : -3.7051771e-01 -5.1184428e-01 
  1160 : -3.7901442e-01 -4.9277670e-01 
  1161 : -8.2877740e-03 -8.6400271e-01 
  1162 :  4.0828864e-02 -9.1088169e-01 
  1163 :  3.0189811e-02 -8.9408150e-01 
  1164 : -4.0259576e-01 -4.6836842e-01 
  1165 : -3.7610954e-01 -4.9938391e-01 
  1166 :  1.6218365e-01  7.0693735e-02 
  1167 :  7.6472843e-02 -9.0312889e-01 
  1168 :  3.1525099e-03 -8.6472270e-01 
  1169 :  4.6293361e-03 -8.6987524e-01 
  1170 : -1.7841143e-01 -4.8476920e-01 
  1171 : -6.3796386e-02 -4.4029017e-01 
  1172 :  6.6818930e-03 -6.3489780e-01 
  1173 : -2.1374951e-01 -4.9061954e-01 
  1174 : -3.7340577e-01 -4.9415171e-01 
  1175 : -3.5958613e-01 -5.0987548e-01 
  1176 : -3.1195536e-01 -4.5681057e-01 
  1177 : -9.6252458e-03 -8.5903466e-01 
  1178 : -3.3657414e-01 -4.6319684e-01 
  1179 : -2.3018503e-02 -5.4606544e-01 
  1180 : -8.2024573e-02 -5.1722026e-01 
  1181 :  6.7085106e-02 -8.8782480e-01 
  1182 :  6.4386426e-02 -6.7146899e-01 
  1183 : -3.8443357e-01 -4.7444817e-01 
  1184 : -8.6933178e-02 -4.7132322e-01 
  1185 :  1.6820443e-02 -8.7802285e-01 
  1186 : -3.7091228e-01 -5.0080082e-01 
  1187 : -3.6863999e-01 -4.5410164e-01 
  1188 : -3.4684073e-01 -4.5911106e-01 
  1189 : -3.6850756e-01 -5.0713182e-01 
  1190 :  5.7604537e-02 -8.7847402e-01 
  1191 : -3.7640096e-01 -4.8706948e-01 
  1192 : -2.3740400e-01 -4.5872630e-01 
  1193 : -3.3673343e-03 -8.6188729e-01 
  1194 : -1.6363660e-01 -4.9205262e-01 
  1195 : -3.9525848e-01 -4.6951817e-01 
  1196 : -3.7852944e-01 -4.5308094e-01 
  1197 :  2.8230329e-02 -8.8614327e-01 
  1198 : -9.2328012e-03 -5.7184755e-01 
  1199 : -1.9009135e-01 -4.9924549e-01 
  1200 :  8.5966307e-03 -8.6233094e-01 
  1201 : -2.4840565e-01 -4.7416693e-01 
  1202 : -3.4239459e-01 -4.7241077e-01 
  1203 : -3.7036702e-01 -4.8850170e-01 
  1204 : -3.7049791e-01 -4.6470507e-01 
  1205 : -4.7725402e-03 -8.5681917e-01 
  1206 : -6.1797484e-02 -5.3678992e-01 
  1207 :  1.9293768e-02 -8.7241390e-01 
  1208 : -3.6595724e-01 -5.0250249e-01 
  1209 : -1.4397197e-01 -5.0505573e-01 
  1210 : -2.3024081e-01 -4.8611037e-01 
  1211 : -3.1205196e-01 -4.6920263e-01 
  1212 : -2.9722485e-01 -4.3889344e-01 
  1213 :  2.2561308e-02 -6.5619674e-01 
  1214 : -3.5168230e-01 -4.6880883e-01 
  1215 : -3.2494716e-01 -4.6919282e-01 
  1216 : -3.6460572e-02 -5.9183375e-01 
  1217 : -1.1028405e-02 -6.1418691e-01 
  1218 : -3.7920664e-01 -4.7342370e-01 
  1219 :  4.4168387e-02 -8.7844703e-01 
  1220 :  9.8347085e-02 -6.6147670e-01 
  1221 : -1.5792014e-02 -8.5595707e-01 
  1222 : -3.5494306e-01 -5.1089464e-01 
  1223 : -3.6393528e-01 -5.0866080e-01 
  1224 : -2.7691138e-01 -4.4234280e-01 
  1225 :  1.7357482e-03 -8.5950553e-01 
  1226 :  3.9999974e-02 -8.9457350e-01 
  1227 : -3.7393072e-01 -4.8077401e-01 
  1228 : -2.2222723e-01 -4.4213390e-01 
  1229 : -3.6789169e-01 -4.9572737e-01 
  1230 : -3.4038129e-01 -4.4827932e-01 
  1231 :  7.8420051e-03 -5.5960353e-01 
  1232 : -1.7135320e-01 -5.1033828e-01 
  1233 :  5.0518608e-02 -8.7376503e-01 
  1234 :  7.0539373e-03 -8.5690953e-01 
  1235 : -2.2707361e-01 -5.0186352e-01 
  1236 : -1.9149979e-01 -5.1921124e-01 
  1237 :  2.0607978e-03 -6.6720902e-01 
  1238 : -4.1994540e-02 -6.1959704e-01 
  1239 : -3.0009957e-01 -4.7095065e-01 
  1240 : -3.6437805e-01 -4.9025103e-01 
  1241 :  3.9417716e-02 -8.7008595e-01 
  1242 : -3.5861666e-01 -5.0644925e-01 
  1243 : -2.6525344e-01 -4.6609206e-01 
  1244 :  6.1287108e-02 -8.4809083e-01 
  1245 :  2.4877978e-02 -8.7876288e-01 
  1246 : -9.7999136e-02 -5.3829229e-01 
  1247 : -3.7210896e-01 -4.7349965e-01 
  1248 : -1.0566574e-01 -4.9870054e-01 
  1249 : -1.1941287e-02 -8.4827341e-01 
  1250 : -5.8147817e-02 -5.8257437e-01 
  1251 : -3.6272982e-01 -4.9775837e-01 
  1252 : -3.6102301e-01 -4.6620371e-01 
  1253 : -1.0910925e-02 -8.5401798e-01 
  1254 : -3.5633875e-01 -5.1582238e-01 
  1255 :  2.0336075e-04 -8.5425592e-01 
  1256 : -1.5579152e-01 -5.2156624e-01 
  1257 :  3.6023494e-02 -8.8316479e-01 
  1258 : -3.6723052e-01 -4.8215127e-01 
  1259 :  1.6352280e-02 -8.6509612e-01 
  1260 : -3.6154069e-01 -5.0459796e-01 
  1261 :  4.9193085e-02 -8.6334718e-01 
  1262 : -4.6559815e-02 -5.5927532e-01 
  1263 : -1.1243485e-02 -6.4981307e-01 
  1264 :  5.4660138e-03 -8.5143029e-01 
  1265 : -3.0356262e-01 -4.8177034e-01 
  1266 : -3.5397603e-01 -5.0483444e-01 
  1267 :  4.7529432e-02 -8.4957916e-01 
  1268 : -2.7404532e-01 -4.7938001e-01 
  1269 : -3.6041560e-01 -4.8409978e-01 
  1270 : -1.4328744e-01 -5.3499098e-01 
  1271 : -2.0194481e-01 -5.1721475e-01 
  1272 : -2.8185017e-01 -4.6013490e-01 
  1273 : -6.7943689e-02 -5.9147359e-01 
  1274 : -5.2787025e-02 -6.1391473e-01 
  1275 : -7.9786846e-02 -5.5298822e-01 
  1276 : -7.4177514e-03 -8.4853287e-01 
  1277 : -3.4995533e-01 -5.1217063e-01 
  1278 : -3.5874414e-01 -4.9259120e-01 
  1279 : -3.6413336e-01 -4.7477942e-01 
  1280 : -1.8848983e-02 -8.4658750e-01 
  1281 :  2.8032616e-02 -8.6585107e-01 
  1282 : -2.1035646e-01 -5.0576198e-01 
  1283 : -1.2312461e-01 -5.2519429e-01 
  1284 : -6.2694154e-03 -8.5199191e-01 
  1285 :  1.3999520e-02 -8.5973458e-01 
  1286 :  1.0358802e-02 -8.6777088e-01 
  1287 :  3.6970449e-02 -8.5929763e-01 
  1288 : -1.7794828e-01 -5.2516008e-01 
  1289 : -1.8263534e-01 -5.3749165e-01 
  1290 : -2.0615590e-01 -5.2718111e-01 
  1291 : -6.0457213e-02 -6.2227760e-01 
  1292 : -9.3941532e-02 -5.6735665e-01 
  1293 : -3.4790331e-01 -5.0703631e-01 
  1294 :  3.6217775e-02 -8.5020645e-01 
  1295 : -2.5903866e-01 -4.8806790e-01 
  1296 : -3.1353613e-01 -4.7923186e-01 
  1297 : -1.3661525e-01 -5.4611623e-01 
  1298 : -3.5385895e-01 -4.8677134e-01 
  1299 :  1.8064798e-02 -8.5755239e-01 
  1300 : -2.9351686e-01 -4.8518161e-01 
  1301 : -2.1782164e-01 -5.1805031e-01 
  1302 : -2.8746168e-01 -4.7404456e-01 
  1303 : -3.5813827e-01 -5.0050916e-01 
  1304 : -3.5613155e-01 -4.7698575e-01 
  1305 : -1.7900055e-03 -8.4927362e-01 
  1306 : -3.4670231e-01 -5.1849453e-01 
  1307 : -1.5211538e-02 -8.4521682e-01 
  1308 :  3.0594454e-02 -8.5908504e-01 
  1309 :  3.1944514e-02 -8.7464563e-01 
  1310 :  1.2441622e-02 -8.5418033e-01 
  1311 :  2.1600242e-02 -8.6056115e-01 
  1312 : -2.9771069e-01 -4.5670098e-01 
  1313 : -1.6533360e-01 -5.3383737e-01 
  1314 : -2.6605200e-01 -4.9968106e-01 
  1315 : -2.9893988e-01 -4.9395586e-01 
  1316 :  3.1469631e-03 -8.4605747e-01 
  1317 : -2.2893476e-01 -5.1276917e-01 
  1318 :  4.4255585e-02 -8.3713140e-01 
  1319 : -9.1407091e-03 -8.4292093e-01 
  1320 :  1.8084842e-02 -8.5224439e-01 
  1321 : -5.1607370e-02 -6.3336583e-01 
  1322 : -1.9325625e-01 -5.3205274e-01 
  1323 : -3.4827550e-01 -4.8009549e-01 
  1324 : -3.0706909e-01 -4.9062424e-01 
  1325 : -3.5377635e-01 -4.9570654e-01 
  1326 : -3.4183284e-01 -5.1478377e-01 
  1327 : -3.4520607e-01 -5.1368409e-01 
  1328 : -3.4938511e-01 -4.9913514e-01 
  1329 : -1.4448584e-02 -8.4061878e-01 
  1330 :  2.6188777e-02 -8.5278813e-01 
  1331 : -1.5450639e-01 -5.4382965e-01 
  1332 : -2.8461821e-01 -4.9000244e-01 
  1333 : -2.3691309e-01 -5.0110211e-01 
  1334 : -8.0557985e-02 -5.7990008e-01 
  1335 : -2.4587163e-01 -4.9313069e-01 
  1336 :  1.1096792e-02 -8.4829240e-01 
  1337 :  3.5589320e-02 -8.6492363e-01 
  1338 : -9.4142852e-02 -5.9347847e-01 
  1339 : -6.2541365e-02 -6.4157795e-01 
  1340 : -2.9200636e-01 -4.9853956e-01 
  1341 : -2.0209559e-01 -5.3909378e-01 
  1342 : -2.3281246e-01 -5.2197786e-01 
  1343 : -3.0299273e-01 -5.0126199e-01 
  1344 : -3.4506000e-01 -5.0211492e-01 
  1345 : -1.4415185e-01 -5.5594237e-01 
  1346 :  9.4194288e-03 -8.4294044e-01 
  1347 : -3.1557037e-01 -4.8795790e-01 
  1348 : -1.1124087e-02 -8.3734488e-01 
  1349 :  3.3284046e-02 -8.3889030e-01 
  1350 : -2.3966973e-01 -5.0860108e-01 
  1351 : -3.4831633e-01 -4.9049159e-01 
  1352 : -2.7251062e-01 -4.9347814e-01 
  1353 : -4.9162274e-03 -8.4541508e-01 
  1354 : -2.1786482e-02 -8.3715533e-01 
  1355 : -3.3791337e-01 -5.2284197e-01 
  1356 : -3.4316816e-01 -5.0922066e-01 
  1357 : -4.1605045e-02 -6.5031269e-01 
  1358 : -3.4458253e-01 -4.9408204e-01 
  1359 : -6.5288156e-02 -5.6870776e-01 
  1360 : -5.7927569e-02 -6.5336636e-01 
  1361 : -6.9784635e-02 -6.3123141e-01 
  1362 : -1.5636921e-01 -5.5965405e-01 
  1363 : -2.4412918e-01 -5.1904398e-01 
  1364 : -3.3943683e-01 -5.1218468e-01 
  1365 : -1.0585938e-01 -5.7944127e-01 
  1366 : -2.1104598e-01 -5.3713767e-01 
  1367 :  4.0646837e-02 -8.2583287e-01 
  1368 : -3.2548413e-01 -4.8497161e-01 
  1369 : -7.9045261e-02 -6.0241074e-01 
  1370 : -7.2938673e-03 -8.3818362e-01 
  1371 : -1.2501483e-01 -5.4845406e-01 
  1372 :  2.3784432e-02 -8.4099655e-01 
  1373 : -2.2343143e-01 -5.2633557e-01 
  1374 : -2.7567669e-01 -5.0198220e-01 
  1375 : -3.1735898e-01 -4.9616432e-01 
  1376 : -3.0993037e-01 -4.9842170e-01 
  1377 : -3.3655187e-01 -5.1637930e-01 
  1378 : -1.6910154e-02 -8.3536809e-01 
  1379 : -8.3423039e-04 -8.3999712e-01 
  1380 : -3.4265622e-01 -4.9866543e-01 
  1381 : -3.4060685e-01 -5.0485695e-01 
  1382 :  1.6544812e-02 -8.4426115e-01 
  1383 : -2.6638546e-02 -6.3276305e-01 
  1384 : -1.8793475e-01 -6.0290139e-01 
  1385 : -1.5209193e-01 -5.6669416e-01 
  1386 : -9.5231685e-02 -6.0636228e-01 
  1387 : -6.8175329e-02 -6.5621836e-01 
  1388 : -1.8671433e-02 -8.3055165e-01 
  1389 : -2.0817511e-01 -5.4577167e-01 
  1390 : -2.2829173e-01 -5.3313162e-01 
  1391 : -3.3051864e-01 -5.1826036e-01 
  1392 : -3.0590295e-01 -5.0783920e-01 
  1393 : -2.6824179e-01 -5.0542222e-01 
  1394 : -1.3668823e-03 -8.3276966e-01 
  1395 : -3.3868911e-01 -4.9981246e-01 
  1396 : -4.6390657e-02 -6.6796740e-01 
  1397 : -1.3003190e-01 -5.6234742e-01 
  1398 : -7.8129013e-02 -6.2188086e-01 
  1399 : -3.2481326e-01 -4.9485464e-01 
  1400 :  5.6123439e-02 -8.3335299e-01 
  1401 : -1.0908588e-01 -5.9842551e-01 
  1402 : -3.3633359e-01 -5.0839632e-01 
  1403 : -6.8934179e-02 -6.1215081e-01 
  1404 :  2.9840085e-02 -8.2714893e-01 
  1405 : -7.1519221e-03 -8.3309995e-01 
  1406 : -1.2192715e-02 -8.3384518e-01 
  1407 :  4.7676711e-03 -8.3820925e-01 
  1408 : -3.3170098e-01 -5.1330976e-01 
  1409 :  1.3033939e-02 -8.3525071e-01 
  1410 : -1.1772649e-01 -5.6959777e-01 
  1411 : -2.1550217e-01 -5.3134891e-01 
  1412 : -2.8170217e-01 -4.9963452e-01 
  1413 : -7.8195160e-02 -6.3911989e-01 
  1414 : -1.0481568e-01 -6.1042394e-01 
  1415 : -1.5590049e-01 -5.7196953e-01 
  1416 : -2.4939212e-03 -8.2694273e-01 
  1417 : -3.0436338e-01 -5.3427886e-01 
  1418 :  3.7762538e-02 -8.1476302e-01 
  1419 : -3.2577767e-01 -5.1472428e-01 
  1420 : -8.5677924e-02 -6.3121159e-01 
  1421 : -1.2584614e-01 -5.7989419e-01 
  1422 : -2.2123905e-01 -5.3725960e-01 
  1423 : -1.3649321e-02 -8.2899633e-01 
  1424 : -1.8399902e-01 -6.0602733e-01 
  1425 : -2.7010527e-02 -8.2286683e-01 
  1426 : -2.6084647e-01 -5.0873090e-01 
  1427 : -2.9240013e-01 -5.0783113e-01 
  1428 : -3.3875369e-01 -4.9362026e-01 
  1429 : -2.3609734e-01 -5.2983151e-01 
  1430 : -3.3223909e-01 -5.0297769e-01 
  1431 : -1.1652293e-01 -5.8847609e-01 
  1432 :  4.9531640e-02 -8.2442037e-01 
  1433 : -2.0254013e-01 -5.5097293e-01 
  1434 : -2.1472564e-01 -5.4151576e-01 
  1435 : -3.2952334e-01 -5.0868408e-01 
  1436 : -3.2320854e-01 -5.2667516e-01 
  1437 : -2.5249795e-02 -8.2758911e-01 
  1438 :  1.8413880e-02 -8.2807990e-01 
  1439 : -3.2804721e-01 -5.2466287e-01 
  1440 : -1.9190120e-01 -5.9980176e-01 
  1441 :  4.8609802e-03 -8.3290821e-01 
  1442 : -2.9995172e-01 -5.1056264e-01 
  1443 : -1.0903041e-01 -5.5575689e-01 
  1444 : -2.7786984e-01 -5.0916026e-01 
  1445 : -8.7497615e-02 -6.1293405e-01 
  1446 : -5.6826641e-02 -6.0166155e-01 
  1447 : -1.8468831e-01 -5.9889273e-01 
  1448 : -5.7706829e-02 -6.6547425e-01 
  1449 : -7.3178054e-02 -6.6466592e-01 
  1450 : -1.6298293e-01 -5.6615560e-01 
  1451 : -2.0836355e-01 -5.5578326e-01 
  1452 : -2.1970702e-01 -5.4668901e-01 
  1453 : -2.3230935e-01 -5.3922098e-01 
  1454 : -3.0260122e-01 -5.1643139e-01 
  1455 :  5.0498934e-02 -8.1490944e-01 
  1456 : -3.2523012e-01 -5.0915254e-01 
  1457 : -2.9514388e-01 -5.3833803e-01 
  1458 : -1.9590830e-01 -5.9673762e-01 
  1459 : -3.0617469e-02 -8.1354478e-01 
  1460 : -1.4865361e-01 -5.7664255e-01 
  1461 :  3.6217775e-03 -8.2699598e-01 
  1462 : -3.1208391e-01 -5.0552556e-01 
  1463 : -3.4026817e-01 -4.8411922e-01 
  1464 : -1.1752148e-01 -6.0358742e-01 
  1465 : -2.4956082e-01 -5.0388707e-01 
  1466 : -2.8608666e-01 -5.0563686e-01 
  1467 : -3.5589743e-02 -6.7492182e-01 
  1468 : -3.3243688e-01 -4.8799456e-01 
  1469 : -1.9499104e-01 -5.4354364e-01 
  1470 : -3.1845276e-01 -5.2856566e-01 
  1471 : -2.0400770e-02 -8.2571911e-01 
  1472 : -3.2175869e-01 -5.2154640e-01 
  1473 : -1.8009637e-01 -6.0919111e-01 
  1474 : -2.9973642e-01 -5.3627850e-01 
  1475 : -8.3068350e-03 -8.2780784e-01 
  1476 : -3.0902145e-01 -5.3232401e-01 
  1477 : -2.8791655e-02 -8.1818564e-01 
  1478 :  2.6608377e-02 -8.1581800e-01 
  1479 : -3.2672424e-01 -5.1967586e-01 
  1480 : -2.7081278e-01 -5.1226371e-01 
  1481 :  8.6159250e-03 -8.2749559e-01 
  1482 : -2.9663936e-01 -5.0476391e-01 
  1483 : -2.5878886e-01 -5.0043752e-01 
  1484 : -3.3209668e-01 -4.9417767e-01 
  1485 : -9.5854269e-02 -6.2340758e-01 
  1486 : -4.0422485e-02 -7.9052516e-01 
  1487 : -1.0385197e-01 -6.2611010e-01 
  1488 : -2.3312588e-01 -5.7118892e-01 
  1489 : -2.8834296e-01 -5.3580500e-01 
  1490 : -2.3898661e-01 -5.3639427e-01 
  1491 : -1.5320632e-01 -5.8327862e-01 
  1492 : -1.7296806e-01 -6.0851272e-01 
  1493 : -1.9786683e-01 -5.5689606e-01 
  1494 : -2.7786251e-02 -8.0673769e-01 
  1495 : -2.7986938e-01 -5.1572706e-01 
  1496 : -2.6395702e-01 -5.1569734e-01 
  1497 : -3.0228857e-01 -5.2937085e-01 
  1498 : -1.7025481e-01 -5.5944966e-01 
  1499 : -2.9751873e-01 -5.1921330e-01 
  1500 : -3.0810148e-01 -5.1409105e-01 
  1501 : -1.8606658e-01 -5.4757239e-01 
  1502 :  9.3388815e-03 -8.2107599e-01 
  1503 : -3.3369248e-01 -4.7752552e-01 
  1504 : -1.1347638e-01 -6.0923234e-01 
  1505 : -2.2587076e-01 -5.4273348e-01 
  1506 : -3.2501751e-01 -5.0259596e-01 
  1507 : -2.5309569e-01 -5.1266176e-01 
  1508 : -1.6920071e-01 -5.7394392e-01 
  1509 :  6.5242783e-02 -7.9690157e-01 
  1510 : -2.9337794e-01 -5.1390317e-01 
  1511 : -2.5396353e-02 -6.6319923e-01 
  1512 : -9.9511161e-03 -8.2243879e-01 
  1513 : -4.1388646e-03 -8.2133520e-01 
  1514 : -1.5322533e-02 -8.2399825e-01 
  1515 : -1.9995395e-01 -5.9371414e-01 
  1516 : -3.1188894e-01 -5.2536854e-01 
  1517 : -2.9296771e-01 -5.3365957e-01 
  1518 :  3.4744376e-02 -8.0300608e-01 
  1519 : -3.1681981e-01 -5.2342403e-01 
  1520 : -1.8072790e-01 -6.0205597e-01 
  1521 : -1.8869902e-01 -5.9573771e-01 
  1522 : -2.4028604e-02 -8.1611151e-01 
  1523 : -1.4522018e-01 -5.6849345e-01 
  1524 : -3.1850112e-01 -5.0367918e-01 
  1525 : -2.2174994e-02 -8.2089898e-01 
  1526 : -1.0292050e-01 -6.3209025e-01 
  1527 :  1.6511536e-02 -8.1591024e-01 
  1528 : -1.3564405e-01 -5.7299086e-01 
  1529 : -5.0984244e-02 -6.7859779e-01 
  1530 : -4.3100430e-02 -6.8384904e-01 
  1531 : -1.2256828e-01 -6.0924195e-01 
  1532 : -1.1099375e-01 -6.3051075e-01 
  1533 : -1.8110144e-01 -5.9495244e-01 
  1534 : -2.3006041e-01 -5.4781217e-01 
  1535 : -2.0358917e-01 -5.6278735e-01 
  1536 : -2.0114451e-01 -5.8641770e-01 
  1537 : -6.0655967e-03 -8.1559669e-01 
  1538 : -2.8601951e-01 -5.3118529e-01 
  1539 : -2.6736271e-01 -5.2176108e-01 
  1540 : -2.2884508e-01 -5.7389125e-01 
  1541 : -4.4729214e-02 -7.8148128e-01 
  1542 : -1.6856867e-01 -6.1892611e-01 
  1543 : -2.4181427e-01 -5.6598533e-01 
  1544 : -2.8148217e-01 -5.4468698e-01 
  1545 :  7.7748276e-03 -8.1499409e-01 
  1546 :  2.3452699e-02 -8.0502229e-01 
  1547 : -3.1005467e-01 -5.1990642e-01 
  1548 : -3.0006951e-01 -5.2432639e-01 
  1549 : -3.1951016e-01 -5.1031312e-01 
  1550 : -2.9107898e-01 -5.1876644e-01 
  1551 : -1.4654866e-01 -5.8774950e-01 
  1552 : -1.6028695e-01 -5.7871913e-01 
  1553 : -2.4183273e-01 -5.4216816e-01 
  1554 : -1.3369176e-01 -5.8774821e-01 
  1555 : -1.9390660e-01 -5.5270427e-01 
  1556 : -1.1809442e-02 -8.1716532e-01 
  1557 : -1.9056436e-02 -8.1399646e-01 
  1558 : -1.7237991e-01 -6.1564812e-01 
  1559 : -4.2555029e-02 -7.8596801e-01 
  1560 : -2.8600284e-01 -5.4253279e-01 
  1561 : -3.6356654e-02 -7.9971380e-01 
  1562 : -3.4394969e-02 -8.0429961e-01 
  1563 : -3.8359498e-02 -7.9510413e-01 
  1564 : -2.3745621e-01 -5.6855396e-01 
  1565 : -2.6287194e-02 -6.8491811e-01 
  1566 : -1.7241719e-01 -5.4413634e-01 
  1567 : -1.6320779e-01 -5.5195469e-01 
  1568 : -2.9760112e-01 -5.3149863e-01 
  1569 : -1.7683873e-01 -6.0525843e-01 
  1570 : -2.5874603e-02 -8.1139282e-01 
  1571 : -3.0704626e-01 -5.2729261e-01 
  1572 : -1.9278367e-01 -5.9259316e-01 
  1573 : -2.8632725e-01 -5.1394902e-01 
  1574 : -1.1046432e-01 -6.1953832e-01 
  1575 : -3.1374708e-01 -5.1200097e-01 
  1576 : -1.7116463e-02 -8.1899107e-01 
  1577 : -1.4114958e-01 -5.8132546e-01 
  1578 : -3.2102907e-01 -4.7794644e-01 
  1579 :  2.1432099e-03 -8.2096411e-01 
  1580 : -3.2056655e-01 -5.1616570e-01 
  1581 : -7.1228652e-02 -7.3310767e-01 
  1582 : -3.5729287e-02 -7.8817264e-01 
  1583 : -3.6055389e-02 -6.9178878e-01 
  1584 : -4.9794138e-02 -6.8993602e-01 
  1585 :  3.0748544e-02 -7.9086441e-01 
  1586 : -1.0679504e-01 -6.3579306e-01 
  1587 : -1.6977333e-01 -6.0468360e-01 
  1588 : -2.3027736e-01 -5.6670666e-01 
  1589 : -2.4803813e-01 -5.4029726e-01 
  1590 : -1.9674469e-01 -5.6776591e-01 
  1591 : -1.4104184e-01 -5.9318421e-01 
  1592 : -2.4386027e-01 -5.5905161e-01 
  1593 : -2.0922509e-01 -5.6322560e-01 
  1594 : -1.5091039e-01 -5.9316476e-01 
  1595 : -2.2464277e-01 -5.5133841e-01 
  1596 : -1.7028727e-01 -5.8208956e-01 
  1597 : -1.2705110e-01 -6.0557345e-01 
  1598 : -4.6903606e-02 -7.7702437e-01 
  1599 : -2.6175632e-01 -5.2555298e-01 
  1600 : -1.1604247e-01 -6.2503705e-01 
  1601 : -2.9072786e-01 -5.2898796e-01 
  1602 : -1.8909493e-01 -5.5561201e-01 
  1603 : -2.3580488e-01 -5.4474074e-01 
  1604 : -8.1721641e-03 -8.0988608e-01 
  1605 : -1.3778977e-02 -8.1190795e-01 
  1606 : -1.3776205e-02 -6.7656543e-01 
  1607 : -2.2465009e-01 -5.7664256e-01 
  1608 : -2.1226145e-01 -5.8493487e-01 
  1609 : -2.0814377e-01 -5.8779721e-01 
  1610 : -2.7243997e-01 -5.4911850e-01 
  1611 : -2.7696692e-01 -5.4688721e-01 
  1612 : -1.6103317e-01 -6.2559116e-01 
  1613 : -1.6478323e-01 -6.2223830e-01 
  1614 : -1.6519917e-01 -6.1513391e-01 
  1615 : -3.1696310e-02 -7.9746869e-01 
  1616 : -4.0350392e-02 -7.7934284e-01 
  1617 :  1.3783522e-02 -8.0641499e-01 
  1618 : -2.9718980e-02 -8.0206714e-01 
  1619 : -1.6907998e-01 -6.1182966e-01 
  1620 : -2.7918461e-01 -5.4015116e-01 
  1621 : -2.8371991e-01 -5.3795878e-01 
  1622 : -2.3934086e-01 -5.6155688e-01 
  1623 : -1.8519680e-01 -5.9170391e-01 
  1624 : -1.9693233e-01 -5.8947494e-01 
  1625 : -3.1528919e-01 -5.1790380e-01 
  1626 : -2.9536979e-01 -5.2669438e-01 
  1627 : -1.7718010e-01 -5.9810374e-01 
  1628 : -3.0495290e-01 -5.2200800e-01 
  1629 : -2.2983118e-02 -8.0428908e-01 
  1630 : -2.0978847e-02 -8.0909850e-01 
  1631 :  4.1423657e-04 -8.1480829e-01 
  1632 : -1.1685095e-01 -6.1413623e-01 
  1633 : -1.2634739e-01 -5.9729583e-01 
  1634 : -4.4471474e-02 -6.9715513e-01 
  1635 : -1.3166530e-01 -6.0940841e-01 
  1636 : -1.1613432e-01 -6.3512660e-01 
  1637 : -2.1797191e-01 -5.7518028e-01 
  1638 : -1.7476737e-01 -5.8069632e-01 
  1639 : -1.9999556e-01 -5.7340129e-01 
  1640 : -2.6591770e-01 -5.3037911e-01 
  1641 : -1.7712336e-01 -5.9109709e-01 
  1642 : -7.3901682e-02 -7.2885213e-01 
  1643 : -2.0965363e-01 -5.8047256e-01 
  1644 :  1.3636773e-02 -6.8503355e-01 
  1645 : -4.2407028e-02 -7.7517045e-01 
  1646 : -2.4149976e-01 -5.5454937e-01 
  1647 : -2.0519706e-01 -5.7016633e-01 
  1648 : -2.2891416e-01 -5.5547000e-01 
  1649 : -1.8137197e-03 -8.0839262e-01 
  1650 :  1.9878114e-02 -7.9451988e-01 
  1651 : -2.4550033e-01 -5.3446394e-01 
  1652 : -2.1293730e-01 -5.6004709e-01 
  1653 : -1.9817099e-01 -5.8184382e-01 
  1654 : -2.5012535e-01 -5.4609108e-01 
  1655 : -9.8277492e-02 -6.3461414e-01 
  1656 : -1.7789953e-01 -5.5292783e-01 
  1657 : -5.9985983e-02 -6.7614424e-01 
  1658 : -5.3913744e-02 -6.8500862e-01 
  1659 : -1.3779170e-01 -6.0223490e-01 
  1660 : -2.5745947e-01 -5.1966323e-01 
  1661 : -1.0384500e-02 -8.0422501e-01 
  1662 : -1.9277076e-01 -5.6193006e-01 
  1663 : -1.8005587e-02 -8.0155605e-01 
  1664 : -2.1641686e-01 -5.8211289e-01 
  1665 : -1.5729202e-01 -6.2898955e-01 
  1666 : -2.6782288e-01 -5.5130179e-01 
  1667 : -2.5515570e-01 -5.5748581e-01 
  1668 : -2.5052595e-01 -5.6086709e-01 
  1669 : -4.9076403e-02 -7.7261118e-01 
  1670 : -6.6007064e-02 -7.4168659e-01 
  1671 : -6.8595365e-02 -7.3737854e-01 
  1672 : -1.8449275e-02 -6.9585553e-01 
  1673 : -3.3693406e-02 -7.9283422e-01 
  1674 : -2.2585036e-01 -5.6957199e-01 
  1675 : -1.5752176e-01 -6.2177203e-01 
  1676 : -1.6134555e-01 -6.1843802e-01 
  1677 : -3.7993455e-02 -7.8359273e-01 
  1678 : -2.7013463e-01 -5.4463448e-01 
  1679 : -2.7468032e-01 -5.4240035e-01 
  1680 : -2.0540535e-01 -5.8336513e-01 
  1681 : -2.3483240e-01 -5.6409914e-01 
  1682 : -1.7353185e-01 -6.0132032e-01 
  1683 : -1.8940411e-01 -5.8841524e-01 
  1684 : -2.7047125e-02 -7.9490821e-01 
  1685 : -2.8129677e-01 -5.3339373e-01 
  1686 : -1.6580602e-01 -6.0809928e-01 
  1687 : -2.4982630e-02 -7.9950897e-01 
  1688 : -1.5826416e-02 -8.0668442e-01 
  1689 : -2.4430114e-01 -5.4759079e-01 
  1690 :  5.4689157e-03 -8.0736733e-01 
  1691 : -2.8373500e-01 -5.2651973e-01 
  1692 :  4.8583211e-02 -8.0070608e-01 
  1693 : -1.2161170e-01 -6.1980846e-01 
  1694 : -2.8861004e-01 -5.2440397e-01 
  1695 :  2.5911980e-02 -7.7887502e-01 
  1696 : -3.7115962e-02 -7.7778416e-01 
  1697 : -6.6867140e-02 -7.3037169e-01 
  1698 : -1.4284830e-01 -6.4278469e-01 
  1699 : -1.0261156e-01 -6.4107127e-01 
  1700 : -6.1705492e-02 -6.8664337e-01 
  1701 : -1.2723323e-02 -7.9857284e-01 
  1702 : -1.5392967e-01 -6.1770097e-01 
  1703 : -1.9125110e-01 -5.7196350e-01 
  1704 : -1.6729680e-01 -6.0171680e-01 
  1705 : -2.5433416e-01 -5.3843052e-01 
  1706 : -2.1015825e-01 -5.6769103e-01 
  1707 : -2.2741471e-01 -5.6193235e-01 
  1708 : -2.5145326e-01 -5.5504735e-01 
  1709 : -1.7694442e-01 -5.7635966e-01 
  1710 : -2.5133909e-01 -5.3251118e-01 
  1711 : -2.6798671e-01 -5.4019237e-01 
  1712 :  5.8302614e-02 -7.8035437e-01 
  1713 : -2.7874390e-01 -5.2880710e-01 
  1714 : -2.7080270e-01 -5.2685526e-01 
  1715 : -2.7671172e-01 -5.3571728e-01 
  1716 : -1.2114464e-01 -6.3016386e-01 
  1717 : -5.1787003e-02 -7.0104799e-01 
  1718 : -1.1171391e-01 -6.4018823e-01 
  1719 : -1.8707143e-01 -5.6651049e-01 
  1720 : -7.6626065e-02 -7.2461824e-01 
  1721 : -2.5972244e-01 -5.5728527e-01 
  1722 : -2.3669989e-01 -5.5707763e-01 
  1723 : -6.3447880e-02 -7.4602429e-01 
  1724 : -2.0730532e-01 -5.7559826e-01 
  1725 : -4.2152646e-03 -6.9052494e-01 
  1726 : -1.4983725e-01 -6.2875510e-01 
  1727 : -2.6194150e-01 -5.4855474e-01 
  1728 : -2.1390740e-01 -5.7769527e-01 
  1729 :  1.0633731e-02 -7.9737727e-01 
  1730 : -2.2189386e-01 -5.7254193e-01 
  1731 : -1.5366351e-01 -6.2518750e-01 
  1732 : -2.6550190e-01 -5.4682171e-01 
  1733 : -2.4823462e-01 -5.5675667e-01 
  1734 : -6.1589252e-02 -7.3901244e-01 
  1735 : -2.9518333e-02 -7.0103555e-01 
  1736 : -4.6500457e-02 -7.6628198e-01 
  1737 : -4.4328426e-02 -7.7084149e-01 
  1738 : -3.0984356e-02 -7.8601647e-01 
  1739 : -2.1380880e-01 -5.5101984e-01 
  1740 : -1.7764350e-01 -5.8381171e-01 
  1741 :  3.6696608e-02 -6.7899838e-01 
  1742 : -1.8141052e-01 -5.8771359e-01 
  1743 : -1.6183162e-01 -6.1148568e-01 
  1744 : -2.0272832e-01 -5.7858643e-01 
  1745 : -1.9371207e-01 -5.8511065e-01 
  1746 : -2.9146847e-02 -7.9044111e-01 
  1747 : -2.3883899e-01 -5.4983566e-01 
  1748 : -2.8169540e-01 -5.2149827e-01 
  1749 : -1.7298466e-01 -5.9438671e-01 
  1750 : -2.5660076e-01 -5.2944977e-01 
  1751 : -2.2558960e-01 -5.5804279e-01 
  1752 : -2.5117549e-01 -5.5143869e-01 
  1753 : -1.2691283e-01 -6.1480937e-01 
  1754 :  2.6785294e-03 -7.9970737e-01 
  1755 : -2.2544199e-02 -7.9178423e-01 
  1756 : -2.0194175e-02 -7.9650779e-01 
  1757 : -2.8711969e-01 -5.1963489e-01 
  1758 : -1.8261192e-01 -5.6029360e-01 
  1759 : -2.9304871e-01 -5.2207207e-01 
  1760 :  4.3854352e-02 -7.8608419e-01 
  1761 : -4.2084650e-03 -8.0192298e-01 
  1762 : -3.9892310e-02 -7.0696929e-01 
  1763 :  3.8012520e-02 -7.7235878e-01 
  1764 : -3.2656267e-02 -7.1447444e-01 
  1765 : -7.5194811e-02 -7.1751566e-01 
  1766 :  2.7454509e-03 -7.0462033e-01 
  1767 : -1.0782478e-01 -6.4558573e-01 
  1768 : -1.2062168e-01 -6.3985282e-01 
  1769 : -1.3177700e-01 -6.2010831e-01 
  1770 : -4.4776201e-04 -7.9225535e-01 
  1771 : -2.1507567e-01 -5.6559683e-01 
  1772 :  1.5707503e-02 -7.8412731e-01 
  1773 :  4.7727947e-02 -7.0392538e-01 
  1774 : -4.9331709e-02 -7.0786025e-01 
  1775 : -9.1775507e-02 -6.3986827e-01 
  1776 : -2.7615455e-01 -5.2392431e-01 
  1777 : -2.6312766e-01 -5.4209510e-01 
  1778 : -5.6298261e-02 -6.9449376e-01 
  1779 : -1.9492162e-01 -5.7698683e-01 
  1780 : -1.7602818e-01 -5.6605003e-01 
  1781 : -6.8788263e-03 -7.9549452e-01 
  1782 : -1.8137673e-02 -7.8776382e-01 
  1783 : -2.6141652e-01 -5.3551651e-01 
  1784 : -2.1969757e-01 -5.5680313e-01 
  1785 : -1.2216878e-02 -7.0716135e-01 
  1786 : -1.3932180e-01 -6.4615322e-01 
  1787 : -2.1624536e-01 -5.7076235e-01 
  1788 : -5.6009091e-02 -7.5926430e-01 
  1789 : -5.3604871e-02 -7.6374623e-01 
  1790 : -2.2149558e-01 -5.6492668e-01 
  1791 : -1.4637524e-01 -6.3938113e-01 
  1792 : -1.4992806e-01 -6.3591997e-01 
  1793 : -1.7326027e-01 -5.8701236e-01 
  1794 : -6.9563764e-02 -7.2608347e-01 
  1795 : -5.6394639e-02 -7.4791869e-01 
  1796 : -5.8974353e-02 -7.4342446e-01 
  1797 : -6.4206855e-02 -7.3466450e-01 
  1798 : -1.5784591e-01 -6.1463218e-01 
  1799 : -2.7234070e-01 -5.3811012e-01 
  1800 : -3.2999210e-02 -7.8044681e-01 
  1801 : -1.2653957e-01 -6.2517962e-01 
  1802 : -1.8571764e-01 -5.8423665e-01 
  1803 : -3.7707392e-02 -7.7440247e-01 
  1804 : -2.3208911e-01 -5.5966253e-01 
  1805 : -1.4991836e-01 -6.2106781e-01 
  1806 : -2.7448843e-02 -7.8482058e-01 
  1807 : -2.1187977e-01 -5.7291691e-01 
  1808 : -1.6941426e-01 -5.9815959e-01 
  1809 : -4.1228762e-02 -7.6500601e-01 
  1810 : -2.5735016e-01 -5.4543386e-01 
  1811 : -1.5920347e-01 -6.0883668e-01 
  1812 : -1.6192540e-01 -6.0374455e-01 
  1813 : -2.5198767e-01 -5.2429580e-01 
  1814 : -2.5218342e-02 -7.8758312e-01 
  1815 : -1.8619022e-01 -5.7608398e-01 
  1816 : -2.5627919e-01 -5.5185241e-01 
  1817 : -1.5233415e-02 -7.9302691e-01 
  1818 : -2.4625890e-01 -5.5251668e-01 
  1819 :  7.0242664e-02 -7.7523370e-01 
  1820 : -2.7352551e-01 -5.1842984e-01 
  1821 : -2.7394884e-01 -5.3138441e-01 
  1822 : -2.6661091e-01 -5.3670335e-01 
  1823 : -2.4893139e-01 -5.2810242e-01 
  1824 : -2.3362441e-01 -5.5254916e-01 
  1825 : -1.8173845e-01 -5.8014444e-01 
  1826 :  7.0615300e-03 -7.8851666e-01 
  1827 : -5.7056926e-02 -7.3623437e-01 
  1828 : -6.2425291e-02 -7.2760614e-01 
  1829 : -1.3941865e-01 -6.3910621e-01 
  1830 : -5.4609626e-02 -7.0855912e-01 
  1831 : -6.7505563e-02 -6.9383779e-01 
  1832 : -7.5632560e-02 -6.5955025e-01 
  1833 : -1.2544037e-01 -6.3534112e-01 
  1834 : -1.5068949e-01 -6.1297717e-01 
  1835 : -1.4576446e-01 -6.2480946e-01 
  1836 : -1.3203804e-01 -6.3106714e-01 
  1837 : -8.5102848e-02 -7.1211398e-01 
  1838 : -8.7752166e-03 -7.1807639e-01 
  1839 : -1.3684075e-01 -6.1500466e-01 
  1840 : -3.2379681e-02 -7.7466809e-01 
  1841 : -8.5270783e-02 -6.4629223e-01 
  1842 :  7.8017323e-02 -7.0301071e-01 
  1843 : -1.5442538e-01 -6.0498644e-01 
  1844 : -1.6210504e-01 -5.9609587e-01 
  1845 : -3.8860256e-03 -7.8502946e-01 
  1846 : -1.6825818e-01 -5.9058223e-01 
  1847 : -9.8206394e-03 -7.8919482e-01 
  1848 : -1.1640987e-01 -6.4451274e-01 
  1849 : -5.8435399e-02 -7.5482701e-01 
  1850 : -7.8148846e-02 -7.1330091e-01 
  1851 : -2.3636267e-02 -7.1053093e-01 
  1852 : -5.1271688e-02 -7.5714342e-01 
  1853 :  2.0209321e-02 -7.6716528e-01 
  1854 :  2.2851061e-02 -7.0379369e-01 
  1855 : -1.4607606e-01 -6.3239510e-01 
  1856 : -1.3221144e-01 -6.4533355e-01 
  1857 : -4.8781664e-02 -7.6180965e-01 
  1858 : -7.2333761e-02 -7.2178988e-01 
  1859 : -2.1975902e-01 -5.6961729e-01 
  1860 : -5.1665399e-02 -7.4541374e-01 
  1861 : -1.0489451e-01 -6.5167837e-01 
  1862 : -9.7745636e-02 -6.4839023e-01 
  1863 : -3.9167250e-02 -7.6986428e-01 
  1864 : -1.9016327e-01 -5.8061915e-01 
  1865 :  2.7384457e-03 -7.7993526e-01 
  1866 :  5.1296703e-02 -7.6462248e-01 
  1867 : -1.5367187e-01 -6.1083496e-01 
  1868 : -2.4370551e-01 -5.2816605e-01 
  1869 : -1.8145143e-01 -5.7139266e-01 
  1870 : -2.6955726e-01 -5.3426241e-01 
  1871 :  8.5262017e-02 -7.8694911e-01 
  1872 : -2.6750822e-02 -7.8104200e-01 
  1873 : -2.2007615e-02 -7.8339781e-01 
  1874 : -1.9092212e-02 -7.1947633e-01 
  1875 : -8.1381974e-02 -6.6377407e-01 
  1876 :  5.1055625e-03 -7.1867070e-01 
  1877 :  3.1277670e-02 -7.5966958e-01 
  1878 : -7.0956402e-02 -7.1453758e-01 
  1879 : -6.1997222e-02 -6.9891000e-01 
  1880 : -9.8478828e-02 -6.5537023e-01 
  1881 : -9.0902362e-02 -7.0392682e-01 
  1882 : -7.7353333e-03 -7.7825473e-01 
  1883 : -1.4171362e-01 -6.2890164e-01 
  1884 : -1.2467590e-01 -6.4458143e-01 
  1885 :  5.5001089e-02 -7.3397193e-01 
  1886 :  6.7600977e-02 -7.5767840e-01 
  1887 : -1.4142205e-01 -6.2029736e-01 
  1888 : -1.4233057e-01 -6.1046473e-01 
  1889 : -1.4823264e-01 -6.0723735e-01 
  1890 : -1.5745385e-01 -5.8938134e-01 
  1891 :  8.6947390e-02 -7.3616087e-01 
  1892 : -1.3680464e-01 -6.2492038e-01 
  1893 : -1.1284020e-01 -6.4928245e-01 
  1894 : -8.7997213e-02 -7.0800901e-01 
  1895 : -8.2245449e-02 -7.1624205e-01 
  1896 : -1.3229216e-01 -6.5329095e-01 
  1897 :  1.0600595e-02 -7.7378433e-01 
  1898 : -5.3784947e-02 -7.5252278e-01 
  1899 :  2.8010024e-02 -7.1900056e-01 
  1900 : -1.3594927e-01 -6.4198726e-01 
  1901 : -1.4266788e-01 -6.3596856e-01 
  1902 : -1.8563628e-02 -7.7617196e-01 
  1903 : -6.5132353e-02 -7.2333355e-01 
  1904 : -5.4351904e-02 -7.4075103e-01 
  1905 : -3.3488064e-02 -7.6941359e-01 
  1906 : -1.4613105e-01 -6.1623887e-01 
  1907 : -4.6218104e-02 -7.5522710e-01 
  1908 : -4.3598876e-02 -7.6019643e-01 
  1909 : -5.9732713e-02 -7.3186607e-01 
  1910 : -2.7345277e-02 -7.6887371e-01 
  1911 : -3.8118649e-02 -7.5867099e-01 
  1912 : -1.3369004e-02 -7.8300554e-01 
  1913 : -2.6458778e-02 -7.7520964e-01 
  1914 : -1.6416015e-01 -5.8521928e-01 
  1915 : -2.7919448e-02 -7.2199106e-01 
  1916 : -7.9755957e-02 -6.5293455e-01 
  1917 : -5.2363583e-02 -7.3334605e-01 
  1918 : -8.6924079e-02 -7.0094961e-01 
  1919 : -2.4178891e-02 -7.2983154e-01 
  1920 : -2.0939002e-02 -7.6725289e-01 
  1921 : -7.6808700e-02 -6.6884584e-01 
  1922 : -7.4199541e-02 -7.1024428e-01 
  1923 : -3.5474446e-02 -7.2469410e-01 
  1924 : -1.1713625e-01 -6.5294152e-01 
  1925 : -1.2517274e-01 -6.6081042e-01 
  1926 :  1.4568073e-02 -7.3831752e-01 
  1927 : -5.8059897e-02 -7.2475940e-01 
  1928 : -2.9712711e-02 -7.6263896e-01 
  1929 : -6.6520090e-02 -7.0318488e-01 
  1930 : -1.2850650e-01 -6.4908699e-01 
  1931 : -1.3688560e-01 -6.3628201e-01 
  1932 : -1.2892953e-01 -6.4047614e-01 
  1933 : -1.0258386e-01 -6.5779385e-01 
  1934 : -8.0980477e-03 -7.2601703e-01 
  1935 : -1.1044403e-01 -6.5456618e-01 
  1936 : -9.0778590e-02 -6.5295439e-01 
  1937 : -1.2075304e-01 -6.4878627e-01 
  1938 : -8.1142865e-02 -7.0917416e-01 
  1939 : -1.2874906e-01 -6.5698739e-01 
  1940 : -2.3639294e-03 -7.7262009e-01 
  1941 :  1.4081560e-02 -7.5603043e-01 
  1942 :  3.2514574e-02 -7.4066597e-01 
  1943 : -4.6701882e-02 -7.4288494e-01 
  1944 : -6.7944846e-02 -7.1896129e-01 
  1945 : -3.5612373e-02 -7.6396968e-01 
  1946 : -4.8895427e-02 -7.5027795e-01 
  1947 : -1.3847932e-01 -6.3311370e-01 
  1948 : -4.0915475e-02 -7.5328633e-01 
  1949 : -1.5347506e-01 -5.9886523e-01 
  1950 : -1.1471203e-02 -7.7152540e-01 
  1951 :  4.4037714e-02 -7.5028140e-01 
  1952 : -7.2168505e-02 -6.4749719e-01 
  1953 : -8.9881063e-02 -6.9682758e-01 
  1954 : -8.2111022e-02 -6.7364315e-01 
  1955 : -1.4416417e-02 -7.6418387e-01 
  1956 : -7.1291192e-02 -6.9892676e-01 
  1957 : -1.1450683e-01 -6.5612563e-01 
  1958 : -4.9308229e-02 -7.1572575e-01 
  1959 : -9.9536990e-02 -6.6309598e-01 
  1960 : -6.6611495e-02 -7.1144408e-01 
  1961 : -6.0714784e-02 -7.2065704e-01 
  1962 : -7.7449603e-02 -7.0624542e-01 
  1963 : -4.3788345e-02 -7.4800251e-01 
  1964 : -3.2521196e-02 -7.5677507e-01 
  1965 : -1.2107867e-01 -6.5688381e-01 
  1966 : -1.4662385e-01 -6.0084209e-01 
  1967 :  2.3834115e-02 -7.4782408e-01 
  1968 : -3.9416890e-02 -7.1849529e-01 
  1969 :  3.1078224e-03 -7.6262661e-01 
  1970 : -1.5316829e-02 -7.2817733e-01 
  1971 : -9.5128794e-02 -6.5856099e-01 
  1972 : -8.4063717e-02 -7.0508607e-01 
  1973 : -1.2479161e-01 -6.5295575e-01 
  1974 : -4.9513882e-02 -7.3803233e-01 
  1975 : -5.5201427e-02 -7.2889224e-01 
  1976 : -6.7699183e-03 -7.6846935e-01 
  1977 : -7.0367970e-02 -6.7464860e-01 
  1978 : -1.3296068e-01 -6.3680522e-01 
  1979 : -1.0901600e-01 -6.6180644e-01 
  1980 : -4.1474788e-02 -7.4043326e-01 
  1981 : -7.7950828e-02 -6.7878289e-01 
  1982 : -2.1401978e-02 -7.3922338e-01 
  1983 : -7.2466126e-03 -7.6163020e-01 
  1984 : -3.5533481e-02 -7.5113546e-01 
  1985 : -9.9827484e-02 -6.9182521e-01 
  1986 : -9.5736820e-02 -6.6786729e-01 
  1987 : -1.1858957e-02 -7.3776635e-01 
  1988 : -7.3296277e-02 -6.8986445e-01 
  1989 : -4.7363172e-02 -7.3038697e-01 
  1990 : -8.2863076e-02 -6.9812133e-01 
  1991 :  9.5225555e-03 -7.4776253e-01 
  1992 : -1.1652878e-01 -6.6109439e-01 
  1993 : -7.0537048e-02 -6.8366197e-01 
  1994 : -8.5736803e-02 -6.5826641e-01 
  1995 : -8.6590553e-02 -6.6842709e-01 
  1996 : -9.6834846e-02 -6.9583772e-01 
  1997 : -5.7558741e-02 -7.0438488e-01 
  1998 : -6.3363859e-02 -7.1616330e-01 
  1999 : -8.0272851e-02 -7.0235314e-01 
  2000 : -5.4035711e-02 -7.2126240e-01 
  2001 : -4.5245128e-02 -7.2204796e-01 
  2002 : -5.7183546e-02 -7.1864093e-01 
  2003 : -4.2748969e-02 -7.1404656e-01 
  2004 : -7.0410462e-02 -7.0694615e-01 
  2005 : -6.7358417e-02 -6.6501001e-01 
  2006 : -7.7316131e-02 -7.0054211e-01 
  2007 : -1.4609792e-01 -5.9590669e-01 
  2008 : -8.2368719e-02 -6.8259503e-01 
  2009 : -1.0424527e-01 -6.6734002e-01 
  2010 : -1.1578695e-01 -6.6607360e-01 
  2011 : -1.0283736e-01 -6.8780681e-01 
  2012 : -2.6939291e-02 -7.5421836e-01 
  2013 : -1.7874103e-02 -7.4679560e-01 
  2014 : -2.9419205e-02 -7.4179742e-01 
  2015 : -8.5871765e-02 -6.9378224e-01 
  2016 : -3.8538810e-02 -7.4571223e-01 
  2017 : -1.7700896e-02 -7.5683852e-01 
  2018 :  2.9982647e-04 -7.3318447e-01 
  2019 : -9.5750525e-02 -6.8867782e-01 
  2020 : -9.2856293e-02 -6.9275704e-01 
  2021 : -9.1849252e-02 -6.7283490e-01 
  2022 :  1.1694601e-03 -7.4849881e-01 
  2023 : -4.4336725e-02 -7.3537570e-01 
  2024 : -7.8228451e-02 -6.8632715e-01 
  2025 : -4.1753631e-02 -7.2749746e-01 
  2026 : -9.0849950e-02 -6.6327796e-01 
  2027 : -6.2198586e-02 -7.0798647e-01 
  2028 : -5.7413005e-02 -7.1335223e-01 
  2029 : -7.7346104e-02 -6.9563930e-01 
  2030 : -7.5536597e-02 -6.8277488e-01 
  2031 : -7.4279349e-02 -7.0304466e-01 
  2032 : -5.0455426e-02 -7.2554690e-01 
  2033 : -9.8612245e-02 -6.8453273e-01 
  2034 : -1.1245319e-01 -6.7585462e-01 
  2035 : -9.1657848e-02 -6.8577118e-01 
  2036 : -9.6959214e-02 -6.7671610e-01 
  2037 : -1.1580854e-01 -6.7217464e-01 
  2038 : -8.7798988e-02 -6.7893747e-01 
  2039 : -1.0591020e-01 -6.8377743e-01 
  2040 : -1.1888366e-01 -6.6857933e-01 
  2041 : -3.0310152e-02 -7.4865480e-01 
  2042 : -8.9024893e-02 -6.8974291e-01 
  2043 : -1.0648203e-02 -7.5024428e-01 
  2044 : -3.6014832e-02 -7.3825003e-01 
  2045 : -2.5124653e-02 -7.4557837e-01 
  2046 : -3.8624925e-02 -7.3295652e-01 
  2047 : -8.1848199e-02 -6.9037628e-01 
  2048 : -1.0494470e-01 -6.7601990e-01 
  2049 : -1.1252055e-01 -6.6808162e-01 
  2050 : -1.0162822e-01 -6.8027902e-01 
  2051 : -3.0056556e-02 -7.3624321e-01 
  2052 : -9.4000707e-02 -6.8144011e-01 
  2053 : -2.1725783e-02 -7.5050844e-01 
  2054 : -3.2021657e-02 -7.3115823e-01 
  2055 : -3.3396030e-02 -7.4348968e-01 
  2056 : -8.8428354e-02 -6.8396720e-01 
  2057 : -1.0045296e-01 -6.7202315e-01 
  2058 : -1.0855859e-01 -6.7173356e-01 
  2059 : -2.3819504e-02 -7.6026572e-01 
  2060 : -8.5600554e-02 -6.8649224e-01 
Number of edges 276 
     0 :      0      6 
     1 :      6      7 
     2 :      7      8 
     3 :      8      9 
     4 :      9     10 
     5 :     10     11 
     6 :     11     12 
     7 :     12     13 
     8 :     13     14 
     9 :     14     15 
    10 :     15     16 
    11 :     16     17 
    12 :     17     18 
    13 :     18     19 
    14 :     19     20 
    15 :     20     21 
    16 :     21     22 
    17 :     22     23 
    18 :     23     24 
    19 :     24     25 
    20 :     25     26 
    21 :     26     27 
    22 :     27     28 
    23 :     28     29 
    24 :     29     30 
    25 :     30     31 
    26 :     31     32 
    27 :     32     33 
    28 :     33     34 
    29 :     34     35 
    30 :     35     36 
    31 :     36     37 
    32 :     37     38 
    33 :     38     39 
    34 :     39     40 
    35 :     40     41 
    36 :     41     42 
    37 :     42     43 
    38 :     43     44 
    39 :     44      0 
    40 :      1     45 
    41 :     45     46 
    42 :     46     47 
    43 :     47     48 
    44 :     48     49 
    45 :     49     50 
    46 :     50     51 
    47 :     51     52 
    48 :     52     53 
    49 :     53     54 
    50 :     54     55 
    51 :     55     56 
    52 :     56     57 
    53 :     57     58 
    54 :     58     59 
    55 :     59     60 
    56 :     60     61 
    57 :     61     62 
    58 :     62     63 
    59 :     63     64 
    60 :     64     65 
    61 :     65     66 
    62 :     66     67 
    63 :     67     68 
    64 :     68     69 
    65 :     69     70 
    66 :     70     71 
    67 :     71     72 
    68 :     72     73 
    69 :     73     74 
    70 :     74     75 
    71 :     75     76 
    72 :     76     77 
    73 :     77     78 
    74 :     78     79 
    75 :     79     80 
    76 :     80     81 
    77 :     81     82 
    78 :     82     83 
    79 :     83     84 
    80 :     84     85 
    81 :     85     86 
    82 :     86     87 
    83 :     87     88 
    84 :     88     89 
    85 :     89     90 
    86 :     90     91 
    87 :     91     92 
    88 :     92     93 
    89 :     93     94 
    90 :     94     95 
    91 :     95     96 
    92 :     96     97 
    93 :     97     98 
    94 :     98     99 
    95 :     99    100 
    96 :    100    101 
    97 :    101    102 
    98 :    102    103 
    99 :    103    104 
   100 :    104    105 
   101 :    105    106 
   102 :    106    107 
   103 :    107    108 
   104 :    108    109 
   105 :    109    110 
   106 :    110    111 
   107 :    111    112 
   108 :    112    113 
   109 :    113    114 
   110 :    114    115 
   111 :    115    116 
   112 :    116    117 
   113 :    117    118 
   114 :    118    119 
   115 :    119    120 
   116 :    120    121 
   117 :    121    122 
   118 :    122    123 
   119 :    123    124 
   120 :    124    125 
   121 :    125    126 
   122 :    126    127 
   123 :    127    128 
   124 :    128    129 
   125 :    129    130 
   126 :    130    131 
   127 :    131    132 
   128 :    132    133 
   129 :    133    134 
   130 :    134    135 
   131 :    135    136 
   132 :    136    137 
   133 :    137    138 
   134 :    138    139 
   135 :    139    140 
   136 :    140    141 
   137 :    141    142 
   138 :    142    143 
   139 :    143    144 
   140 :    144    145 
   141 :    145    146 
   142 :    146    147 
   143 :    147    148 
   144 :    148    149 
   145 :    149    150 
   146 :    150    151 
   147 :    151    152 
   148 :    152    153 
   149 :    153    154 
   150 :    154    155 
   151 :    155    156 
   152 :    156    157 
   153 :    157    158 
   154 :    158    159 
   155 :    159    160 
   156 :    160    161 
   157 :    161    162 
   158 :    162    163 
   159 :    163    164 
   160 :    164    165 
   161 :    165    166 
   162 :    166    167 
   163 :    167    168 
   164 :    168    169 
   165 :    169    170 
   166 :    170    171 
   167 :    171    172 
   168 :    172    173 
   169 :    173    174 
   170 :    174    175 
   171 :    175    176 
   172 :    176    177 
   173 :    177    178 
   174 :    178    179 
   175 :    179    180 
   176 :    180    181 
   177 :    181    182 
   178 :    182    183 
   179 :    183    184 
   180 :    184    185 
   181 :    185    186 
   182 :    186    187 
   183 :    187    188 
   184 :    188    189 
   185 :    189    190 
   186 :    190    191 
   187 :    191    192 
   188 :    192    193 
   189 :    193    194 
   190 :    194    195 
   191 :    195    196 
   192 :    196    197 
   193 :    197    198 
   194 :    198    199 
   195 :    199    200 
   196 :    200    201 
   197 :    201      2 
   198 :      1    202 
   199 :    202    203 
   200 :    203    204 
   201 :    204    205 
   202 :    205    206 
   203 :    206    207 
   204 :    207    208 
   205 :    208    209 
   206 :    209    210 
   207 :    210    211 
   208 :    211    212 
   209 :    212    213 
   210 :    213    214 
   211 :    214    215 
   212 :    215    216 
   213 :    216    217 
   214 :    217    218 
   215 :    218    219 
   216 :    219      3 
   217 :      4    220 
   218 :    220    221 
   219 :    221    222 
   220 :    222    223 
   221 :    223    224 
   222 :    224    225 
   223 :    225    226 
   224 :    226    227 
   225 :    227    228 
   226 :    228    229 
   227 :    229    230 
   228 :    230    231 
   229 :    231    232 
   230 :    232    233 
   231 :    233    234 
   232 :    234    235 
   233 :    235    236 
   234 :    236    237 
   235 :    237    238 
   236 :    238    239 
   237 :    239    240 
   238 :    240    241 
   239 :    241    242 
   240 :    242    243 
   241 :    243    244 
   242 :    244    245 
   243 :    245    246 
   244 :    246    247 
   245 :    247      2 
   246 :      3    248 
   247 :    248    249 
   248 :    249    250 
   249 :    250    251 
   250 :    251    252 
   251 :    252    253 
   252 :    253    254 
   253 :    254    255 
   254 :    255    256 
   255 :    256    257 
   256 :    257    258 
   257 :    258    259 
   258 :    259    260 
   259 :    260    261 
   260 :    261    262 
   261 :    262    263 
   262 :    263    264 
   263 :    264    265 
   264 :    265    266 
   265 :    266      5 
   266 :      5    267 
   267 :    267    268 
   268 :    268    269 
   269 :    269    270 
   270 :    270    271 
   271 :    271    272 
   272 :    272    273 
   273 :    273    274 
   274 :    274    275 
   275 :    275      4 
Number of triangles 4 
     0 :     10    324     11
     1 :    324     10      9
     2 :    336     43     42
     3 :     43    336     44
Number of domains 6
  Domain :      0 
  Name : Outer Disk
  Number of elements :     40
     0     1     2     3     4     5     6     7     8     9
    10    11    12    13    14    15    16    17    18    19
    20    21    22    23    24    25    26    27    28    29
    30    31    32    33    34    35    36    37    38    39
  Domain :      1 
  Name : Bottom
  Number of elements :    158
    40    41    42    43    44    45    46    47    48    49
    50    51    52    53    54    55    56    57    58    59
    60    61    62    63    64    65    66    67    68    69
    70    71    72    73    74    75    76    77    78    79
    80    81    82    83    84    85    86    87    88    89
    90    91    92    93    94    95    96    97    98    99
   100   101   102   103   104   105   106   107   108   109
   110   111   112   113   114   115   116   117   118   119
   120   121   122   123   124   125   126   127   128   129
   130   131   132   133   134   135   136   137   138   139
   140   141   142   143   144   145   146   147   148   149
   150   151   152   153   154   155   156   157   158   159
   160   161   162   163   164   165   166   167   168   169
   170   171   172   173   174   175   176   177   178   179
   180   181   182   183   184   185   186   187   188   189
   190   191   192   193   194   195   196   197
  Domain :      2 
  Name : Left
  Number of elements :     19
   198   199   200   201   202   203   204   205   206   207
   208   209   210   211   212   213   214   215   216
  Domain :      3 
  Name : Right
  Number of elements :     29
   217   218   219   220   221   222   223   224   225   226
   227   228   229   230   231   232   233   234   235   236
   237   238   239   240   241   242   243   244   245
  Domain :      4 
  Name : Top
  Number of elements :     20
   246   247   248   249   250   251   252   253   254   255
   256   257   258   259   260   261   262   263   264   265
  Domain :      5 
  Name : Inner Disk
  Number of elements :     10
   266   267   268   269   270   271   272   273   274   275
