Number of nodes 621 
     0 :  0.0000000e+00  1.0000000e+00 
     1 :  0.0000000e+00  0.0000000e+00 
     2 :  1.0000000e+00  1.0000000e+00 
     3 :  1.0000000e+00  7.5000000e-01 
     4 :  5.0000000e-01  7.5000000e-01 
     5 :  5.0000000e-01  2.5000000e-01 
     6 :  1.0000000e+00  2.5000000e-01 
     7 :  1.0000000e+00  0.0000000e+00 
     8 :  0.0000000e+00  9.6428571e-01 
     9 :  0.0000000e+00  3.5714286e-02 
    10 :  0.0000000e+00  1.0714286e-01 
    11 :  0.0000000e+00  1.7857143e-01 
    12 :  0.0000000e+00  2.5000000e-01 
    13 :  0.0000000e+00  3.2142857e-01 
    14 :  0.0000000e+00  3.9285714e-01 
    15 :  0.0000000e+00  4.6428571e-01 
    16 :  0.0000000e+00  5.3571429e-01 
    17 :  0.0000000e+00  6.0714286e-01 
    18 :  0.0000000e+00  6.7857143e-01 
    19 :  0.0000000e+00  7.5000000e-01 
    20 :  0.0000000e+00  8.2142857e-01 
    21 :  0.0000000e+00  8.9285714e-01 
    22 :  0.0000000e+00  9.2857143e-01 
    23 :  0.0000000e+00  8.5714286e-01 
    24 :  0.0000000e+00  7.8571429e-01 
    25 :  0.0000000e+00  7.1428571e-01 
    26 :  0.0000000e+00  6.4285714e-01 
    27 :  0.0000000e+00  5.7142857e-01 
    28 :  0.0000000e+00  5.0000000e-01 
    29 :  0.0000000e+00  4.2857143e-01 
    30 :  0.0000000e+00  3.5714286e-01 
    31 :  0.0000000e+00  2.8571429e-01 
    32 :  0.0000000e+00  2.1428571e-01 
    33 :  0.0000000e+00  1.4285714e-01 
    34 :  0.0000000e+00  7.1428571e-02 
    35 :  9.6428571e-01  1.0000000e+00 
    36 :  3.5714286e-02  1.0000000e+00 
    37 :  1.0714286e-01  1.0000000e+00 
    38 :  1.7857143e-01  1.0000000e+00 
    39 :  2.5000000e-01  1.0000000e+00 
    40 :  3.2142857e-01  1.0000000e+00 
    41 :  3.9285714e-01  1.0000000e+00 
    42 :  4.6428571e-01  1.0000000e+00 
    43 :  5.3571429e-01  1.0000000e+00 
    44 :  6.0714286e-01  1.0000000e+00 
    45 :  6.7857143e-01  1.0000000e+00 
    46 :  7.5000000e-01  1.0000000e+00 
    47 :  8.2142857e-01  1.0000000e+00 
    48 :  8.9285714e-01  1.0000000e+00 
    49 :  9.2857143e-01  1.0000000e+00 
    50 :  8.5714286e-01  1.0000000e+00 
    51 :  7.8571429e-01  1.0000000e+00 
    52 :  7.1428571e-01  1.0000000e+00 
    53 :  6.4285714e-01  1.0000000e+00 
    54 :  5.7142857e-01  1.0000000e+00 
    55 :  5.0000000e-01  1.0000000e+00 
    56 :  4.2857143e-01  1.0000000e+00 
    57 :  3.5714286e-01  1.0000000e+00 
    58 :  2.8571429e-01  1.0000000e+00 
    59 :  2.1428571e-01  1.0000000e+00 
    60 :  1.4285714e-01  1.0000000e+00 
    61 :  7.1428571e-02  1.0000000e+00 
    62 :  1.0000000e+00  7.8125000e-01 
    63 :  1.0000000e+00  8.4375000e-01 
    64 :  1.0000000e+00  9.0625000e-01 
    65 :  1.0000000e+00  9.6875000e-01 
    66 :  1.0000000e+00  8.1250000e-01 
    67 :  1.0000000e+00  8.7500000e-01 
    68 :  1.0000000e+00  9.3750000e-01 
    69 :  9.6428571e-01  7.5000000e-01 
    70 :  8.9285714e-01  7.5000000e-01 
    71 :  8.2142857e-01  7.5000000e-01 
    72 :  7.5000000e-01  7.5000000e-01 
    73 :  6.7857143e-01  7.5000000e-01 
    74 :  6.0714286e-01  7.5000000e-01 
    75 :  5.3571429e-01  7.5000000e-01 
    76 :  9.2857143e-01  7.5000000e-01 
    77 :  8.5714286e-01  7.5000000e-01 
    78 :  7.8571429e-01  7.5000000e-01 
    79 :  7.1428571e-01  7.5000000e-01 
    80 :  6.4285714e-01  7.5000000e-01 
    81 :  5.7142857e-01  7.5000000e-01 
    82 :  4.6442129e-01  7.4745536e-01 
    83 :  4.6442129e-01  2.5254464e-01 
    84 :  3.9614625e-01  2.7259200e-01 
    85 :  3.3628482e-01  3.1106261e-01 
    86 :  2.8968662e-01  3.6483980e-01 
    87 :  2.6012676e-01  4.2956686e-01 
    88 :  2.5000000e-01  5.0000000e-01 
    89 :  2.6012676e-01  5.7043314e-01 
    90 :  2.8968662e-01  6.3516020e-01 
    91 :  3.3628482e-01  6.8893739e-01 
    92 :  3.9614625e-01  7.2740800e-01 
    93 :  4.2956686e-01  7.3987324e-01 
    94 :  3.6483980e-01  7.1031338e-01 
    95 :  3.1106261e-01  6.6371518e-01 
    96 :  2.7259200e-01  6.0385375e-01 
    97 :  2.5254464e-01  5.3557871e-01 
    98 :  2.5254464e-01  4.6442129e-01 
    99 :  2.7259200e-01  3.9614625e-01 
   100 :  3.1106261e-01  3.3628482e-01 
   101 :  3.6483980e-01  2.8968662e-01 
   102 :  4.2956686e-01  2.6012676e-01 
   103 :  5.3571429e-01  2.5000000e-01 
   104 :  6.0714286e-01  2.5000000e-01 
   105 :  6.7857143e-01  2.5000000e-01 
   106 :  7.5000000e-01  2.5000000e-01 
   107 :  8.2142857e-01  2.5000000e-01 
   108 :  8.9285714e-01  2.5000000e-01 
   109 :  9.6428571e-01  2.5000000e-01 
   110 :  5.7142857e-01  2.5000000e-01 
   111 :  6.4285714e-01  2.5000000e-01 
   112 :  7.1428571e-01  2.5000000e-01 
   113 :  7.8571429e-01  2.5000000e-01 
   114 :  8.5714286e-01  2.5000000e-01 
   115 :  9.2857143e-01  2.5000000e-01 
   116 :  1.0000000e+00  3.1250000e-02 
   117 :  1.0000000e+00  9.3750000e-02 
   118 :  1.0000000e+00  1.5625000e-01 
   119 :  1.0000000e+00  2.1875000e-01 
   120 :  1.0000000e+00  6.2500000e-02 
   121 :  1.0000000e+00  1.2500000e-01 
   122 :  1.0000000e+00  1.8750000e-01 
   123 :  3.5714286e-02  0.0000000e+00 
   124 :  9.6428571e-01  0.0000000e+00 
   125 :  8.9285714e-01  0.0000000e+00 
   126 :  8.2142857e-01  0.0000000e+00 
   127 :  7.5000000e-01  0.0000000e+00 
   128 :  6.7857143e-01  0.0000000e+00 
   129 :  6.0714286e-01  0.0000000e+00 
   130 :  5.3571429e-01  0.0000000e+00 
   131 :  4.6428571e-01  0.0000000e+00 
   132 :  3.9285714e-01  0.0000000e+00 
   133 :  3.2142857e-01  0.0000000e+00 
   134 :  2.5000000e-01  0.0000000e+00 
   135 :  1.7857143e-01  0.0000000e+00 
   136 :  1.0714286e-01  0.0000000e+00 
   137 :  7.1428571e-02  0.0000000e+00 
   138 :  1.4285714e-01  0.0000000e+00 
   139 :  2.1428571e-01  0.0000000e+00 
   140 :  2.8571429e-01  0.0000000e+00 
   141 :  3.5714286e-01  0.0000000e+00 
   142 :  4.2857143e-01  0.0000000e+00 
   143 :  5.0000000e-01  0.0000000e+00 
   144 :  5.7142857e-01  0.0000000e+00 
   145 :  6.4285714e-01  0.0000000e+00 
   146 :  7.1428571e-01  0.0000000e+00 
   147 :  7.8571429e-01  0.0000000e+00 
   148 :  8.5714286e-01  0.0000000e+00 
   149 :  9.2857143e-01  0.0000000e+00 
   150 :  3.3167140e-02  1.8137440e-01 
   151 :  3.5635034e-01  7.1056320e-02 
   152 :  7.5868310e-02  8.2186127e-01 
   153 :  3.0859302e-01  8.4371433e-01 
   154 :  2.7815202e-01  8.0440245e-01 
   155 :  1.3047571e-01  4.3093894e-01 
   156 :  3.1856667e-02  4.5725114e-01 
   157 :  6.8115521e-02  5.6204760e-01 
   158 :  5.0282263e-01  9.4115869e-01 
   159 :  7.8581538e-01  9.3769917e-01 
   160 :  5.0469507e-01  8.8268257e-01 
   161 :  8.2149315e-01  8.1263207e-01 
   162 :  2.8495813e-01  3.6975051e-02 
   163 :  6.9154721e-02  1.1030470e-01 
   164 :  2.4553258e-01  1.5307322e-01 
   165 :  2.4692156e-01  1.1357294e-01 
   166 :  3.0648355e-02  2.5354372e-01 
   167 :  6.0671401e-02  4.1254677e-01 
   168 :  1.6571543e-01  4.2631951e-01 
   169 :  4.6404187e-01  6.6240717e-02 
   170 :  9.6428536e-01  6.2505969e-02 
   171 :  9.2857053e-01  1.5626714e-01 
   172 :  4.6412094e-01  1.9474660e-01 
   173 :  3.9997138e-01  7.7975172e-01 
   174 :  3.6998308e-01  7.6985921e-01 
   175 :  2.6593344e-01  8.6995742e-01 
   176 :  4.1368858e-01  8.3191754e-01 
   177 :  2.0776956e-01  3.8239904e-01 
   178 :  1.5299285e-01  7.0864723e-01 
   179 :  1.9530427e-01  4.6630240e-01 
   180 :  4.2814776e-01  1.6762180e-01 
   181 :  5.3559665e-01  1.5917074e-01 
   182 :  6.0760875e-01  9.6955118e-01 
   183 :  8.9289282e-01  8.7507119e-01 
   184 :  8.5719633e-01  8.4385766e-01 
   185 :  6.7895146e-01  8.1334603e-01 
   186 :  8.5720085e-01  8.7511583e-01 
   187 :  8.5716486e-01  7.8129499e-01 
   188 :  8.5718369e-01  8.1258278e-01 
   189 :  9.2858591e-01  8.1252905e-01 
   190 :  6.7910356e-01  8.7608684e-01 
   191 :  7.1691973e-02  6.3647264e-01 
   192 :  7.5067016e-02  7.1118642e-01 
   193 :  5.7220563e-01  7.8374198e-01 
   194 :  3.4536688e-02  1.0872500e-01 
   195 :  4.9981701e-01  1.6090238e-01 
   196 :  3.1988734e-01  2.2667040e-01 
   197 :  6.0708819e-01  9.4827654e-02 
   198 :  2.4906206e-01  3.7453878e-02 
   199 :  4.3372445e-01  9.4177306e-01 
   200 :  4.3863985e-01  8.8527161e-01 
   201 :  1.3098618e-01  4.7392415e-01 
   202 :  5.0392104e-01  8.2395778e-01 
   203 :  2.0220484e-01  2.3792665e-01 
   204 :  6.4282517e-01  1.5698709e-01 
   205 :  6.4283392e-01  1.8807818e-01 
   206 :  6.4284144e-01  3.1531358e-02 
   207 :  4.4254582e-01  7.9388261e-01 
   208 :  6.4325682e-02  2.2126458e-01 
   209 :  9.7049796e-02  2.2540753e-01 
   210 :  3.3339229e-01  9.0840574e-01 
   211 :  1.8974305e-01  8.6253047e-01 
   212 :  6.4368104e-01  8.7667754e-01 
   213 :  7.1452975e-01  8.1302726e-01 
   214 :  6.7906623e-01  8.4480458e-01 
   215 :  1.7267291e-01  1.5302103e-01 
   216 :  2.4806012e-01  7.5198598e-02 
   217 :  3.7825884e-02  7.4915160e-01 
   218 :  7.5223533e-02  8.5795976e-01 
   219 :  9.6428541e-01  1.8750598e-01 
   220 :  5.3560981e-01  6.4302831e-02 
   221 :  5.7137482e-01  1.8899554e-01 
   222 :  1.7820849e-01  6.2505466e-01 
   223 :  4.2809040e-01  1.0129363e-01 
   224 :  3.7750190e-01  8.5429539e-01 
   225 :  4.4265453e-01  8.3335186e-01 
   226 :  2.9949933e-01  7.3895768e-01 
   227 :  7.8480113e-02  3.2986895e-01 
   228 :  7.4999567e-01  3.1327272e-02 
   229 :  1.4705233e-01  9.3063229e-01 
   230 :  2.7140080e-01  8.3729147e-01 
   231 :  3.7551425e-02  8.5746437e-01 
   232 :  7.4999035e-01  9.3938389e-02 
   233 :  3.5370601e-02  3.6215219e-02 
   234 :  8.2142444e-01  9.3827059e-02 
   235 :  3.4992217e-02  7.2450275e-02 
   236 :  1.1312554e-01  8.5881905e-01 
   237 :  1.8119160e-01  9.6590260e-01 
   238 :  4.9941287e-02  3.5228719e-01 
   239 :  6.3785378e-02  4.4959327e-01 
   240 :  6.7894309e-01  9.3821094e-01 
   241 :  5.7318775e-01  9.0937035e-01 
   242 :  8.9288219e-01  8.1255078e-01 
   243 :  7.8570851e-01  1.5637198e-01 
   244 :  3.5587637e-01  1.4282131e-01 
   245 :  3.9220085e-01  1.7292440e-01 
   246 :  8.5714038e-01  1.5629882e-01 
   247 :  4.2837462e-01  3.3849400e-02 
   248 :  6.0709937e-01  6.3302400e-02 
   249 :  4.0588614e-01  8.8440861e-01 
   250 :  3.9061663e-01  8.0279105e-01 
   251 :  1.9736415e-01  7.5065169e-01 
   252 :  7.1441768e-01  7.8154181e-01 
   253 :  9.6429452e-01  8.4376723e-01 
   254 :  7.1460403e-01  8.4441847e-01 
   255 :  7.1452710e-01  9.3797004e-01 
   256 :  5.7135240e-01  1.5808799e-01 
   257 :  2.1063178e-01  1.1418269e-01 
   258 :  2.0622466e-01  1.9471151e-01 
   259 :  4.0243739e-01  9.1247553e-01 
   260 :  3.5084564e-01  8.2148237e-01 
   261 :  4.4086140e-01  8.5844601e-01 
   262 :  2.2095441e-01  3.3781339e-01 
   263 :  1.3007274e-01  3.7541495e-01 
   264 :  1.3831721e-01  5.9077988e-01 
   265 :  1.2491580e-01  2.6970283e-01 
   266 :  9.8129396e-02  4.8048534e-01 
   267 :  1.1476229e-01  7.4810061e-01 
   268 :  1.1494266e-01  7.8575384e-01 
   269 :  1.0237025e-01  1.4947680e-01 
   270 :  2.0881016e-01  1.5368865e-01 
   271 :  1.5323667e-01  8.2416100e-01 
   272 :  3.6069863e-01  9.6995921e-01 
   273 :  4.2886885e-01  2.3084654e-01 
   274 :  4.9978560e-01  1.2942439e-01 
   275 :  1.9943611e-01  4.2548944e-01 
   276 :  2.2505153e-01  4.6491316e-01 
   277 :  1.0398264e-01  1.1180011e-01 
   278 :  1.6676295e-01  5.4787297e-01 
   279 :  1.3468959e-01  5.5244936e-01 
   280 :  3.1978818e-01  1.0963578e-01 
   281 :  1.4058829e-01  7.5128636e-02 
   282 :  1.6372137e-01  4.6913943e-01 
   283 :  6.7855631e-01  1.8786489e-01 
   284 :  6.7855070e-01  1.5671929e-01 
   285 :  3.5600066e-01  1.7924304e-01 
   286 :  2.2069337e-01  9.3320431e-01 
   287 :  7.5946087e-02  7.4844222e-01 
   288 :  7.5015696e-01  8.1283138e-01 
   289 :  6.0764249e-01  7.8261364e-01 
   290 :  6.4282076e-01  1.2577724e-01 
   291 :  8.5714164e-01  3.1270061e-02 
   292 :  4.2820573e-01  6.7641725e-02 
   293 :  4.9979452e-01  9.7445466e-02 
   294 :  7.4999228e-01  6.2643276e-02 
   295 :  3.3823221e-01  8.7865272e-01 
   296 :  1.8676612e-01  8.9736787e-01 
   297 :  3.7413490e-02  7.1272095e-01 
   298 :  1.4920388e-01  8.9566737e-01 
   299 :  9.2859196e-01  8.7504087e-01 
   300 :  9.6429523e-01  8.7501869e-01 
   301 :  9.6429231e-01  9.3751309e-01 
   302 :  6.4345057e-01  8.1387516e-01 
   303 :  8.5718396e-01  9.3758113e-01 
   304 :  6.0807281e-01  8.1477670e-01 
   305 :  5.3563449e-01  1.8996633e-01 
   306 :  5.7134070e-01  1.2687447e-01 
   307 :  7.1427912e-01  3.1369491e-02 
   308 :  6.0710731e-01  1.8842393e-01 
   309 :  4.9996247e-01  2.2146860e-01 
   310 :  5.7140154e-01  2.1960260e-01 
   311 :  9.2857074e-01  1.8751312e-01 
   312 :  5.3567723e-01  2.2021858e-01 
   313 :  2.4176890e-01  3.8821306e-01 
   314 :  2.5769254e-01  3.4820095e-01 
   315 :  6.0829610e-01  9.0840834e-01 
   316 :  8.9289013e-01  9.0631554e-01 
   317 :  6.4317757e-01  7.8204018e-01 
   318 :  6.4284514e-01  2.1906859e-01 
   319 :  9.2857097e-01  3.1257087e-02 
   320 :  6.0712458e-01  2.1926519e-01 
   321 :  2.8073475e-01  2.9690786e-01 
   322 :  3.5906924e-01  2.5387124e-01 
   323 :  8.5714102e-01  1.8753741e-01 
   324 :  3.2323499e-01  2.7145731e-01 
   325 :  8.9288238e-01  9.3755003e-01 
   326 :  5.7212756e-01  9.6986193e-01 
   327 :  6.4360881e-01  9.0770281e-01 
   328 :  2.4073860e-01  2.3940147e-01 
   329 :  8.9285547e-01  9.3779901e-02 
   330 :  3.1938915e-01  1.4718374e-01 
   331 :  7.1428062e-01  2.1887616e-01 
   332 :  6.6461501e-02  1.8431860e-01 
   333 :  6.7856361e-01  2.1894970e-01 
   334 :  3.5889955e-02  6.3973016e-01 
   335 :  7.3551337e-02  6.7380292e-01 
   336 :  3.6733759e-02  6.7622413e-01 
   337 :  4.1294777e-01  7.5932218e-01 
   338 :  2.4969027e-01  7.1022555e-01 
   339 :  2.8447191e-01  6.8420419e-01 
   340 :  8.2146346e-01  7.8132188e-01 
   341 :  7.5008488e-01  7.8143183e-01 
   342 :  7.5022148e-01  8.7545019e-01 
   343 :  5.3557723e-01  1.2789347e-01 
   344 :  9.2857065e-01  6.2513092e-02 
   345 :  8.9285580e-01  6.2522834e-02 
   346 :  1.3453137e-01  1.9046507e-01 
   347 :  6.0834439e-01  8.4639797e-01 
   348 :  6.7905961e-01  9.0721094e-01 
   349 :  7.1462906e-01  8.7570058e-01 
   350 :  1.9581461e-01  7.0813956e-01 
   351 :  2.8337751e-01  1.1201635e-01 
   352 :  8.5714006e-01  1.2505275e-01 
   353 :  8.9287061e-01  7.8127755e-01 
   354 :  9.2859042e-01  8.4378785e-01 
   355 :  8.5719657e-01  9.0635635e-01 
   356 :  9.2858580e-01  9.3752869e-01 
   357 :  3.2743955e-02  4.9377821e-01 
   358 :  9.6460889e-02  4.4083921e-01 
   359 :  1.0243738e-01  3.4590307e-01 
   360 :  2.6822315e-02  3.2238025e-01 
   361 :  6.7877686e-01  7.8172473e-01 
   362 :  6.4362735e-01  8.4541895e-01 
   363 :  7.8576874e-01  7.8136419e-01 
   364 :  8.2151322e-01  9.0641821e-01 
   365 :  8.9289003e-01  8.4381606e-01 
   366 :  9.6428934e-01  7.8125711e-01 
   367 :  9.6429242e-01  8.1251316e-01 
   368 :  8.2149345e-01  9.3762793e-01 
   369 :  7.8581507e-01  8.1270929e-01 
   370 :  8.2151303e-01  8.4392120e-01 
   371 :  5.7273886e-01  9.3967139e-01 
   372 :  5.3558186e-01  9.6235653e-02 
   373 :  8.2142525e-01  6.2558822e-02 
   374 :  8.5714071e-01  6.2537141e-02 
   375 :  7.8570796e-01  9.3870813e-02 
   376 :  1.3913178e-01  1.1307814e-01 
   377 :  2.8172187e-01  1.9166422e-01 
   378 :  7.0767586e-02  3.6703331e-02 
   379 :  1.3721132e-01  1.5148832e-01 
   380 :  3.9212834e-01  1.0391708e-01 
   381 :  6.4282914e-01  6.3026269e-02 
   382 :  6.7854875e-01  9.4203751e-02 
   383 :  7.1427098e-01  9.4042763e-02 
   384 :  3.9256986e-01  3.4640998e-02 
   385 :  3.6824725e-01  9.1081899e-01 
   386 :  3.7838994e-02  8.2154306e-01 
   387 :  2.8695809e-01  7.7136224e-01 
   388 :  1.1020585e-01  9.2982854e-01 
   389 :  5.7139087e-01  3.1889774e-02 
   390 :  3.9269062e-01  2.0705202e-01 
   391 :  3.5673199e-01  2.1623069e-01 
   392 :  5.0147216e-01  9.7055558e-01 
   393 :  4.6821256e-01  9.4169190e-01 
   394 :  4.3117383e-01  9.7078316e-01 
   395 :  4.6630071e-01  9.7077976e-01 
   396 :  5.3766190e-01  9.4041524e-01 
   397 :  5.3674379e-01  9.7021686e-01 
   398 :  7.8584608e-01  8.4402003e-01 
   399 :  7.8585702e-01  8.7528823e-01 
   400 :  1.4492852e-01  9.6535688e-01 
   401 :  2.5352302e-01  9.6743012e-01 
   402 :  1.0866567e-01  9.6495397e-01 
   403 :  7.4999002e-01  1.2520537e-01 
   404 :  6.7855334e-01  6.2842755e-02 
   405 :  6.7854793e-01  1.2549920e-01 
   406 :  5.0172342e-01  7.9237015e-01 
   407 :  5.3805476e-01  8.1916777e-01 
   408 :  5.3690617e-01  7.8621171e-01 
   409 :  1.3064793e-01  2.2998104e-01 
   410 :  7.4999666e-01  2.1883007e-01 
   411 :  5.7134348e-01  9.5395386e-02 
   412 :  1.6556627e-01  2.3445083e-01 
   413 :  8.2142578e-01  1.8755952e-01 
   414 :  3.9231493e-01  6.9286335e-02 
   415 :  1.1171931e-01  8.9449842e-01 
   416 :  1.5489320e-01  7.4853267e-01 
   417 :  7.1427045e-01  1.2532034e-01 
   418 :  1.7744316e-01  3.7689184e-02 
   419 :  8.9285558e-01  1.5627995e-01 
   420 :  4.6396954e-01  9.9117226e-02 
   421 :  3.3449703e-02  5.3032368e-01 
   422 :  3.4184238e-02  5.6680981e-01 
   423 :  6.6685354e-02  5.2475826e-01 
   424 :  2.7903443e-02  3.8682299e-01 
   425 :  2.5916796e-02  3.5452179e-01 
   426 :  8.2142670e-01  3.1281762e-02 
   427 :  9.6428526e-01  1.2500843e-01 
   428 :  6.0709348e-01  1.5741158e-01 
   429 :  9.6428550e-01  3.1253229e-02 
   430 :  3.2030064e-01  7.2769738e-02 
   431 :  6.9807704e-02  5.9924267e-01 
   432 :  3.5008432e-02  6.0326481e-01 
   433 :  4.6428564e-01  2.2458554e-01 
   434 :  2.4409378e-01  6.1201770e-01 
   435 :  1.9473905e-01  5.0541117e-01 
   436 :  2.2613301e-01  5.3941595e-01 
   437 :  2.2348429e-01  5.0243664e-01 
   438 :  1.0622818e-01  3.7143180e-02 
   439 :  8.9285596e-01  1.8752292e-01 
   440 :  2.6044693e-01  6.4812918e-01 
   441 :  8.0822002e-02  3.6929044e-01 
   442 :  9.2481606e-02  4.0001642e-01 
   443 :  9.2667777e-02  2.6295727e-01 
   444 :  6.5391969e-02  4.8725434e-01 
   445 :  4.6009493e-01  7.8205684e-01 
   446 :  4.2496498e-01  7.8735336e-01 
   447 :  4.3963500e-01  7.6960877e-01 
   448 :  2.5724032e-01  9.3494623e-01 
   449 :  3.7255909e-01  8.8210022e-01 
   450 :  3.7152983e-02  8.9323013e-01 
   451 :  1.1427995e-01  8.2262627e-01 
   452 :  4.1845420e-01  8.0846547e-01 
   453 :  4.9988349e-01  1.9166986e-01 
   454 :  3.2085756e-01  3.6291815e-02 
   455 :  1.5463767e-01  7.8703030e-01 
   456 :  2.4336431e-01  7.5684292e-01 
   457 :  3.8254625e-01  7.4746758e-01 
   458 :  3.5058007e-01  7.3203544e-01 
   459 :  4.6395218e-01  1.3164756e-01 
   460 :  4.2839899e-01  1.9981816e-01 
   461 :  2.8418266e-01  7.4212196e-02 
   462 :  6.8009824e-02  1.4727331e-01 
   463 :  1.0742127e-01  6.3305184e-01 
   464 :  2.0324478e-01  5.8129309e-01 
   465 :  1.0168885e-01  5.5722004e-01 
   466 :  1.0430959e-01  5.9508725e-01 
   467 :  1.9277159e-01  8.2689104e-01 
   468 :  7.3419245e-02  9.2927139e-01 
   469 :  3.2519521e-01  9.6920313e-01 
   470 :  5.7136103e-01  6.3711283e-02 
   471 :  3.5604076e-01  1.0680231e-01 
   472 :  7.8571144e-01  3.1299714e-02 
   473 :  3.0328704e-02  4.2116812e-01 
   474 :  2.8789935e-02  2.8868592e-01 
   475 :  1.7113064e-01  3.7837874e-01 
   476 :  8.2142427e-01  1.2508369e-01 
   477 :  7.1427395e-01  6.2722071e-02 
   478 :  6.7856129e-01  3.1433931e-02 
   479 :  1.1335379e-01  7.0978240e-01 
   480 :  1.1065164e-01  6.7129694e-01 
   481 :  4.6400215e-01  1.6362395e-01 
   482 :  8.5714018e-01  9.3798641e-02 
   483 :  7.8570774e-01  1.2513139e-01 
   484 :  1.1642817e-01  3.0878384e-01 
   485 :  1.8416721e-01  3.2999973e-01 
   486 :  5.7517932e-02  2.9259239e-01 
   487 :  7.5020433e-01  9.0665777e-01 
   488 :  5.7331054e-01  8.4794417e-01 
   489 :  5.7289458e-01  8.1635566e-01 
   490 :  9.2857924e-01  7.8126572e-01 
   491 :  5.7339957e-01  8.7885475e-01 
   492 :  3.1926978e-01  1.8589849e-01 
   493 :  3.2503994e-01  7.8424725e-01 
   494 :  3.5940984e-01  7.9473841e-01 
   495 :  2.3252381e-01  8.3126876e-01 
   496 :  9.2857042e-01  1.2501855e-01 
   497 :  1.6983213e-01  1.9310475e-01 
   498 :  5.0481002e-01  8.5352058e-01 
   499 :  5.3876015e-01  8.8060597e-01 
   500 :  5.3868988e-01  8.5029907e-01 
   501 :  2.8099866e-01  2.3673537e-01 
   502 :  7.0038143e-02  7.3454996e-02 
   503 :  1.4300771e-01  6.2934729e-01 
   504 :  1.4827475e-01  6.6859523e-01 
   505 :  4.3622552e-01  9.1317906e-01 
   506 :  3.9600304e-01  9.7050640e-01 
   507 :  2.8254600e-01  1.5086344e-01 
   508 :  7.4373955e-02  8.9373275e-01 
   509 :  2.8946599e-01  9.6832733e-01 
   510 :  1.8391509e-01  9.3174885e-01 
   511 :  6.0841772e-01  8.7756509e-01 
   512 :  5.0394914e-01  9.1186346e-01 
   513 :  5.3837283e-01  9.1057302e-01 
   514 :  1.4178136e-01  3.7489505e-02 
   515 :  1.7467709e-01  1.1394792e-01 
   516 :  2.2812853e-01  8.6579539e-01 
   517 :  1.5131695e-01  8.6026343e-01 
   518 :  5.2990227e-02  3.2447496e-01 
   519 :  6.9484753e-02  3.5055963e-01 
   520 :  4.7188554e-01  8.3015248e-01 
   521 :  4.7138186e-01  8.8453498e-01 
   522 :  4.7222464e-01  8.5685535e-01 
   523 :  3.9206252e-01  1.3849173e-01 
   524 :  2.1203440e-01  7.5649007e-02 
   525 :  7.8570921e-01  6.2592075e-02 
   526 :  6.0711851e-01  3.1676721e-02 
   527 :  4.6995206e-01  9.1288630e-01 
   528 :  8.9285636e-01  3.1262344e-02 
   529 :  3.5673160e-01  3.5482689e-02 
   530 :  4.4351511e-01  8.1116362e-01 
   531 :  3.6435066e-01  9.4017695e-01 
   532 :  7.5020493e-01  8.4417475e-01 
   533 :  6.0801100e-01  9.3904175e-01 
   534 :  8.2152007e-01  8.7518362e-01 
   535 :  9.6429442e-01  9.0626723e-01 
   536 :  7.8584619e-01  9.0651290e-01 
   537 :  6.4316402e-01  9.6930671e-01 
   538 :  1.9558096e-01  7.8989366e-01 
   539 :  2.6130894e-01  9.0247982e-01 
   540 :  2.9774403e-01  9.0551364e-01 
   541 :  9.2859028e-01  9.0628769e-01 
   542 :  2.1321091e-01  3.7689858e-02 
   543 :  3.2097392e-02  2.1761936e-01 
   544 :  3.3951210e-02  1.4504314e-01 
   545 :  7.5015632e-01  9.3780732e-01 
   546 :  1.7147592e-01  5.8623766e-01 
   547 :  1.8668200e-01  6.6530828e-01 
   548 :  2.2594935e-01  6.5996242e-01 
   549 :  1.3227511e-01  5.1378024e-01 
   550 :  5.4910481e-02  3.7989648e-01 
   551 :  9.9677516e-02  5.1914675e-01 
   552 :  4.2805903e-01  1.3468332e-01 
   553 :  7.1427222e-01  1.5654944e-01 
   554 :  7.4999355e-01  1.8764726e-01 
   555 :  5.3565629e-01  3.2193962e-02 
   556 :  3.8337285e-01  8.2773831e-01 
   557 :  2.2422878e-01  8.9966722e-01 
   558 :  4.9991168e-01  3.2613156e-02 
   559 :  1.0015909e-01  1.8740295e-01 
   560 :  1.9542766e-01  2.8368136e-01 
   561 :  1.5889792e-01  2.7711162e-01 
   562 :  7.6166207e-02  7.8536245e-01 
   563 :  3.2912146e-01  9.3863802e-01 
   564 :  2.3756338e-01  7.9545947e-01 
   565 :  2.3498986e-01  2.8969175e-01 
   566 :  7.8571005e-01  1.8759377e-01 
   567 :  1.4838094e-01  3.2119545e-01 
   568 :  1.6415575e-01  5.0914958e-01 
   569 :  3.7952764e-02  7.8543897e-01 
   570 :  9.6428532e-01  1.5625780e-01 
   571 :  4.9983951e-01  6.5131225e-02 
   572 :  9.6428528e-01  9.3757778e-02 
   573 :  3.3668394e-01  7.5668012e-01 
   574 :  2.1741039e-01  9.6660124e-01 
   575 :  7.2423839e-02  9.6466579e-01 
   576 :  2.4366404e-01  1.9452743e-01 
   577 :  3.9916889e-01  9.4126243e-01 
   578 :  2.9341311e-01  9.3682515e-01 
   579 :  4.6415293e-01  3.3164768e-02 
   580 :  8.9285539e-01  1.2503240e-01 
   581 :  1.0521545e-01  7.4377844e-02 
   582 :  2.3293640e-01  5.7589298e-01 
   583 :  4.6898472e-01  8.0490571e-01 
   584 :  3.4392819e-01  8.4958368e-01 
   585 :  9.2857047e-01  9.3767121e-02 
   586 :  8.6641357e-02  2.9876303e-01 
   587 :  6.1391522e-02  2.5766613e-01 
   588 :  6.7877220e-01  9.6912704e-01 
   589 :  7.4999119e-01  1.5644119e-01 
   590 :  4.0959682e-01  8.5740710e-01 
   591 :  6.4342679e-01  9.3855893e-01 
   592 :  1.7619470e-01  7.5593055e-02 
   593 :  3.1585809e-01  8.1351756e-01 
   594 :  2.1242187e-01  6.1950901e-01 
   595 :  6.0708636e-01  1.2620849e-01 
   596 :  3.0269786e-01  8.7444396e-01 
   597 :  3.9386789e-01  2.4056023e-01 
   598 :  2.3104035e-01  4.2684490e-01 
   599 :  6.4282197e-01  9.4450928e-02 
   600 :  1.9741403e-01  5.4353055e-01 
   601 :  7.1427585e-01  1.8773146e-01 
   602 :  3.1788452e-01  7.1175701e-01 
   603 :  7.1460178e-01  9.0687842e-01 
   604 :  8.2142478e-01  1.5632756e-01 
   605 :  7.1441639e-01  9.6900084e-01 
   606 :  7.5008478e-01  9.6891479e-01 
   607 :  7.8576911e-01  9.6885719e-01 
   608 :  8.2146373e-01  9.6881900e-01 
   609 :  8.5716513e-01  9.6879386e-01 
   610 :  8.9287078e-01  9.6877705e-01 
   611 :  9.2857918e-01  9.6876544e-01 
   612 :  9.6428928e-01  9.6875701e-01 
   613 :  7.8571208e-01  2.1880087e-01 
   614 :  8.2142711e-01  2.1878226e-01 
   615 :  8.5714188e-01  2.1877028e-01 
   616 :  8.9285651e-01  2.1876241e-01 
   617 :  9.2857105e-01  2.1875710e-01 
   618 :  9.6428555e-01  2.1875324e-01 
   619 :  3.6692614e-02  9.2887984e-01 
   620 :  3.6205141e-02  9.6445587e-01 
Number of edges 150 
     0 :      0      8 
     1 :      8     22 
     2 :     22     21 
     3 :     21     23 
     4 :     23     20 
     5 :     20     24 
     6 :     24     19 
     7 :     19     25 
     8 :     25     18 
     9 :     18     26 
    10 :     26     17 
    11 :     17     27 
    12 :     27     16 
    13 :     16     28 
    14 :     28     15 
    15 :     15     29 
    16 :     29     14 
    17 :     14     30 
    18 :     30     13 
    19 :     13     31 
    20 :     31     12 
    21 :     12     32 
    22 :     32     11 
    23 :     11     33 
    24 :     33     10 
    25 :     10     34 
    26 :     34      9 
    27 :      9      1 
    28 :      2     35 
    29 :     35     49 
    30 :     49     48 
    31 :     48     50 
    32 :     50     47 
    33 :     47     51 
    34 :     51     46 
    35 :     46     52 
    36 :     52     45 
    37 :     45     53 
    38 :     53     44 
    39 :     44     54 
    40 :     54     43 
    41 :     43     55 
    42 :     55     42 
    43 :     42     56 
    44 :     56     41 
    45 :     41     57 
    46 :     57     40 
    47 :     40     58 
    48 :     58     39 
    49 :     39     59 
    50 :     59     38 
    51 :     38     60 
    52 :     60     37 
    53 :     37     61 
    54 :     61     36 
    55 :     36      0 
    56 :      3     62 
    57 :     62     66 
    58 :     66     63 
    59 :     63     67 
    60 :     67     64 
    61 :     64     68 
    62 :     68     65 
    63 :     65      2 
    64 :      3     69 
    65 :     69     76 
    66 :     76     70 
    67 :     70     77 
    68 :     77     71 
    69 :     71     78 
    70 :     78     72 
    71 :     72     79 
    72 :     79     73 
    73 :     73     80 
    74 :     80     74 
    75 :     74     81 
    76 :     81     75 
    77 :     75      4 
    78 :      4     82 
    79 :     82     93 
    80 :     93     92 
    81 :     92     94 
    82 :     94     91 
    83 :     91     95 
    84 :     95     90 
    85 :     90     96 
    86 :     96     89 
    87 :     89     97 
    88 :     97     88 
    89 :     88     98 
    90 :     98     87 
    91 :     87     99 
    92 :     99     86 
    93 :     86    100 
    94 :    100     85 
    95 :     85    101 
    96 :    101     84 
    97 :     84    102 
    98 :    102     83 
    99 :     83      5 
   100 :      5    103 
   101 :    103    110 
   102 :    110    104 
   103 :    104    111 
   104 :    111    105 
   105 :    105    112 
   106 :    112    106 
   107 :    106    113 
   108 :    113    107 
   109 :    107    114 
   110 :    114    108 
   111 :    108    115 
   112 :    115    109 
   113 :    109      6 
   114 :      7    116 
   115 :    116    120 
   116 :    120    117 
   117 :    117    121 
   118 :    121    118 
   119 :    118    122 
   120 :    122    119 
   121 :    119      6 
   122 :      1    123 
   123 :    123    137 
   124 :    137    136 
   125 :    136    138 
   126 :    138    135 
   127 :    135    139 
   128 :    139    134 
   129 :    134    140 
   130 :    140    133 
   131 :    133    141 
   132 :    141    132 
   133 :    132    142 
   134 :    142    131 
   135 :    131    143 
   136 :    143    130 
   137 :    130    144 
   138 :    144    129 
   139 :    129    145 
   140 :    145    128 
   141 :    128    146 
   142 :    146    127 
   143 :    127    147 
   144 :    147    126 
   145 :    126    148 
   146 :    148    125 
   147 :    125    149 
   148 :    149    124 
   149 :    124      7 
Number of quads 545 
     0 :    470    248    197    411
     1 :    478    307    477    404
     2 :     37    402    400     60
     3 :    387    226    573    493
     4 :    153    593    260    584
     5 :    620    619    468    575
     6 :    340    363     78     71
     7 :    588    537    591    240
     8 :    607    606    545    159
     9 :    348    327    212    190
    10 :    398    532    288    369
    11 :    317    289     74     80
    12 :    536    487    342    399
    13 :    541    316    183    299
    14 :    555    389    470    220
    15 :    134    140    162    198
    16 :    323    439    616    615
    17 :    284    553    601    283
    18 :    146    127    228    307
    19 :    309    312    103      5
    20 :    312    310    110    103
    21 :    570    118    122    219
    22 :     98     88    437    276
    23 :    598    313     99     87
    24 :    183    186    184    365
    25 :    341    252     79     72
    26 :    491    499    500    488
    27 :    189    242    353    490
    28 :    123    137    378    233
    29 :    310    320    104    110
    30 :    320    318    111    104
    31 :    403    483    243    589
    32 :    515    257    270    215
    33 :    321    324     85    100
    34 :    324    322    101     85
    35 :    384    247    292    414
    36 :    362    347    304    302
    37 :    182    326    371    533
    38 :    252    361     73     79
    39 :    253    354    189    367
    40 :    579    558    571    169
    41 :    483    476    604    243
    42 :    544    462    332    150
    43 :    149    124    429    319
    44 :    318    333    105    111
    45 :    333    331    112    105
    46 :    291    528    345    374
    47 :    191    335    336    334
    48 :    334    336     18     26
    49 :    336    297     25     18
    50 :    335    192    297    336
    51 :    251    350    338    456
    52 :    338    339    602    226
    53 :    590    176    225    261
    54 :    370    398    369    161
    55 :    347    488    489    304
    56 :     64    535    300     67
    57 :    366    490     76     69
    58 :    454    529    151    430
    59 :    203    328    565    560
    60 :    206    478    404    381
    61 :    481    195    453    172
    62 :     67    300    253     63
    63 :    365    184    188    242
    64 :    289    193     81     74
    65 :    355    364    534    186
    66 :    338    350    547    548
    67 :    339    440     90     95
    68 :    219    122    119    618
    69 :    233    378    502    235
    70 :    597     84    101    322
    71 :    273    433     83    102
    72 :    381    404    382    599
    73 :     44     54    326    182
    74 :    304    489    193    289
    75 :    608    607    159    368
    76 :    159    545    487    536
    77 :    537    182    533    591
    78 :    545    255    603    487
    79 :    532    254    213    288
    80 :    299    183    365    354
    81 :    429    116    120    170
    82 :    195    181    305    453
    83 :    441    550    238    519
    84 :    359    441    519    227
    85 :    155    168    282    201
    86 :    443    586    486    587
    87 :    326    397    396    371
    88 :     45     53    537    588
    89 :    490    353     70     76
    90 :    591    533    315    327
    91 :    188    161    340    187
    92 :    363    341     72     78
    93 :    612    611    356    301
    94 :    316    355    186    183
    95 :    190    212    362    214
    96 :    187    340     71     77
    97 :     52     45    588    605
    98 :    193    408     75     81
    99 :     53     44    182    537
   100 :    361    317     80     73
   101 :    354    365    242    189
   102 :    315    241    491    511
   103 :    372    411    306    343
   104 :    269    379    346    559
   105 :    581    281    376    277
   106 :    247    579    169    292
   107 :    382    383    417    405
   108 :    559    346    409    209
   109 :     33    544    150     11
   110 :    194    163    462    544
   111 :    223    420    459    552
   112 :    439    311    617    616
   113 :    502    581    277    163
   114 :    106    112    331    410
   115 :    305    221    310    312
   116 :    461    430    280    351
   117 :    599    382    405    290
   118 :    294    525    375    232
   119 :    130    144    389    555
   120 :    145    128    478    206
   121 :    142    131    579    247
   122 :    376    515    215    379
   123 :    469    563    531    272
   124 :    563    210    385    531
   125 :    578    540    210    563
   126 :    215    270    258    497
   127 :    257    165    164    270
   128 :    128    146    307    478
   129 :     56    394    395     42
   130 :     42    395    392     55
   131 :    395    393    158    392
   132 :    394    199    393    395
   133 :     55    392    397     43
   134 :     66    367    366     62
   135 :    300    299    354    253
   136 :    392    158    396    397
   137 :    161    369    363    340
   138 :    609    608    368    303
   139 :    487    603    349    342
   140 :    534    399    398    370
   141 :    229    298    296    510
   142 :    556    250    452    176
   143 :    271    455    538    467
   144 :    531    385    259    577
   145 :    375    234    476    483
   146 :    601    554    410    331
   147 :    553    589    554    601
   148 :    212    511    347    362
   149 :     75    408    406      4
   150 :    408    407    202    406
   151 :    606    605    255    545
   152 :    246    419    439    323
   153 :    235    502    163    194
   154 :    595    290    204    428
   155 :     11    150    543     32
   156 :    459    274    195    481
   157 :    131    143    558    579
   158 :    411    197    595    306
   159 :    221    308    320    310
   160 :    210    295    449    385
   161 :     59    574    401     39
   162 :    388    415    298    229
   163 :    496    427    570    171
   164 :    572    117    121    427
   165 :    404    477    383    382
   166 :    428    204    205    308
   167 :    420    293    274    459
   168 :    585    572    427    496
   169 :    319    429    170    344
   170 :    263    475    168    155
   171 :    421    423    157    422
   172 :    155    201    266    358
   173 :    359    227    586    484
   174 :    263    442    441    359
   175 :    262    565    321    314
   176 :    275    177    313    598
   177 :    589    243    566    554
   178 :    523    552    180    245
   179 :    144    129    526    389
   180 :    216    461    351    165
   181 :    147    126    426    472
   182 :    427    121    118    570
   183 :    507    330    492    377
   184 :    482    329    580    352
   185 :    198    162    461    216
   186 :    135    139    542    418
   187 :    571    220    372    293
   188 :    163    277    269    462
   189 :    455    416    251    538
   190 :    218    152    451    236
   191 :    260    494    250    556
   192 :    157    431    432    422
   193 :    422    432     17     27
   194 :    432    334     26     17
   195 :    431    191    334    432
   196 :    597    273    102     84
   197 :    171    570    219    311
   198 :    433    309      5     83
   199 :    438    514    281    581
   200 :    436    437     88     97
   201 :    582    436     97     89
   202 :    548    594    434    440
   203 :    598     87     98    276
   204 :    437    435    179    276
   205 :    600    435    437    436
   206 :    138    135    418    514
   207 :    524    216    165    257
   208 :    552    459    481    180
   209 :    345    344    585    329
   210 :    449    224    590    249
   211 :     90    440    434     96
   212 :    222    503    264    546
   213 :    278    279    549    568
   214 :    263    567    485    475
   215 :    444    357    156    239
   216 :    486    518    360    474
   217 :    586    227    518    486
   218 :    484    586    443    265
   219 :    474    360     13     31
   220 :    485    560    565    262
   221 :    217    297    192    287
   222 :    259    249    200    505
   223 :    236    451    271    517
   224 :    207    446    447    445
   225 :    445    447     82      4
   226 :    447    337     93     82
   227 :    446    173    337    447
   228 :    451    268    455    271
   229 :    250    173    446    452
   230 :    175    230    153    596
   231 :    298    517    211    296
   232 :    562    287    267    268
   233 :    237    510    286    574
   234 :    152    562    268    451
   235 :    416    178    350    251
   236 :    574    286    448    401
   237 :     40    469    272     57
   238 :    415    236    517    298
   239 :     58    509    469     40
   240 :    501    196    324    321
   241 :    180    481    172    460
   242 :    460    172    433    273
   243 :    576    377    501    328
   244 :     24     19    217    569
   245 :    573    458    457    174
   246 :    602     91     94    458
   247 :    350    178    504    547
   248 :    351    280    330    507
   249 :    526    206    381    248
   250 :    374    345    329    482
   251 :    165    351    507    164
   252 :    191    431    466    463
   253 :    503    463    466    264
   254 :    431    157    465    466
   255 :    538    251    456    564
   256 :    467    538    564    495
   257 :     61    575    402     37
   258 :    154    387    493    593
   259 :    125    149    319    528
   260 :    124      7    116    429
   261 :    280    471    244    330
   262 :    290    405    284    204
   263 :    266    444    239    358
   264 :    166    474     31     12
   265 :    181    256    221    305
   266 :    277    376    379    269
   267 :    528    319    344    345
   268 :    409    412    561    265
   269 :    192    335    480    479
   270 :    264    466    465    279
   271 :    335    191    463    480
   272 :    525    373    234    375
   273 :    132    142    247    384
   274 :    169    571    293    420
   275 :    414    292    223    380
   276 :    282    179    435    568
   277 :    587    486    474    166
   278 :    314    321    100     86
   279 :    254    214    185    213
   280 :    488    500    407    489
   281 :    399    342    532    398
   282 :     63    253    367     66
   283 :     54     43    397    326
   284 :    367    189    490    366
   285 :    535    541    299    300
   286 :    368    159    536    364
   287 :    274    343    181    195
   288 :    592    524    257    515
   289 :    270    164    576    258
   290 :    330    244    285    492
   291 :    539    175    596    540
   292 :    494    174    173    250
   293 :    226    602    458    573
   294 :    272    531    577    506
   295 :      9    233    235     34
   296 :    204    284    283    205
   297 :    232    375    483    403
   298 :    202    407    500    498
   299 :    498    500    499    160
   300 :    185    302    317    361
   301 :    533    371    241    315
   302 :    140    133    454    162
   303 :    566    413    614    613
   304 :    373    374    482    234
   305 :    582     89     96    434
   306 :    174    457    337    173
   307 :    279    465    551    549
   308 :    540    596    295    210
   309 :    448    539    540    578
   310 :     36    620    575     61
   311 :    450    231    218    508
   312 :    514    418    592    281
   313 :    148    125    528    291
   314 :    468    508    415    388
   315 :     41    506    394     56
   316 :    268    267    416    455
   317 :     60    400    237     38
   318 :    611    610    325    356
   319 :    364    536    399    534
   320 :    513    512    160    499
   321 :    396    158    512    513
   322 :    248    381    599    197
   323 :    172    453    309    433
   324 :    558    555    220    571
   325 :    230    154    593    153
   326 :     22     21    450    619
   327 :    452    446    207    530
   328 :    263    359    484    567
   329 :    442    167    550    441
   330 :    360    425     30     13
   331 :    357     28     15    156
   332 :    160    521    522    498
   333 :    498    522    520    202
   334 :    522    261    225    520
   335 :    521    200    261    522
   336 :    352    580    419    246
   337 :    453    305    312    309
   338 :    141    132    384    529
   339 :    292    169    420    223
   340 :    504    480    463    503
   341 :    464    600    436    582
   342 :    456    338    226    387
   343 :    164    507    377    576
   344 :    604    246    323    413
   345 :    412    203    560    561
   346 :    158    393    527    512
   347 :    512    527    521    160
   348 :    527    505    200    521
   349 :    393    199    505    527
   350 :    162    454    430    461
   351 :    380    223    552    523
   352 :    139    134    198    542
   353 :     19     25    297    217
   354 :    510    296    557    286
   355 :    295    584    224    449
   356 :    401    448    578    509
   357 :    307    228    294    477
   358 :    405    417    553    284
   359 :    342    349    254    532
   360 :    349    190    214    254
   361 :    255    240    348    603
   362 :    353    187     77     70
   363 :    356    325    316    541
   364 :    184    370    161    188
   365 :    511    491    488    347
   366 :     65    612    301     68
   367 :    603    348    190    349
   368 :    327    315    511    212
   369 :    369    288    341    363
   370 :     68    301    535     64
   371 :    338    548    440    339
   372 :    400    229    510    237
   373 :    176    452    530    225
   374 :    371    396    513    241
   375 :    242    188    187    353
   376 :    241    513    499    491
   377 :    605    588    240    255
   378 :    378    438    581    502
   379 :    143    130    555    558
   380 :    344    170    572    585
   381 :    186    534    370    184
   382 :    214    362    302    185
   383 :    302    304    289    317
   384 :     62    366     69      3
   385 :    457     92     93    337
   386 :    596    153    584    295
   387 :    577    259    505    199
   388 :    504    178    479    480
   389 :    547    222    594    548
   390 :    201    549    551    266
   391 :    423    551    465    157
   392 :    567    484    265    561
   393 :    136    138    514    438
   394 :    358    239    167    442
   395 :    308    205    318    320
   396 :    472    426    373    525
   397 :    243    604    413    566
   398 :    424     14     30    425
   399 :    220    470    411    372
   400 :    580    496    171    419
   401 :     39    401    509     58
   402 :    517    271    467    211
   403 :    508    218    236    415
   404 :    286    557    539    448
   405 :    418    542    524    592
   406 :    343    306    256    181
   407 :    476    352    246    604
   408 :     10    194    544     33
   409 :    471    380    523    244
   410 :    314     86     99    313
   411 :    332    559    209    208
   412 :    594    464    582    434
   413 :    547    504    503    222
   414 :    339     95     91    602
   415 :    201    282    568    549
   416 :    127    147    472    228
   417 :    430    151    471    280
   418 :    113    106    410    613
   419 :    150    332    208    543
   420 :    244    523    245    285
   421 :    166    543    208    587
   422 :     12     32    543    166
   423 :    197    599    290    595
   424 :    133    141    529    454
   425 :    475    177    275    168
   426 :    509    578    563    469
   427 :    168    275    179    282
   428 :    423    421    357    444
   429 :    231    386    152    218
   430 :    575    468    388    402
   431 :    458     94     92    457
   432 :    234    482    352    476
   433 :    245    180    460    390
   434 :     34    235    194     10
   435 :    383    232    403    417
   436 :    205    283    333    318
   437 :    328    501    321    565
   438 :    311    219    618    617
   439 :    151    414    380    471
   440 :    389    526    248    470
   441 :    281    592    515    376
   442 :    557    516    175    539
   443 :    386    569    562    152
   444 :    267    479    178    416
   445 :    477    294    232    383
   446 :    506    577    199    394
   447 :    516    495    230    175
   448 :    377    492    196    501
   449 :    129    145    206    526
   450 :    126    148    291    426
   451 :    170    120    117    572
   452 :    329    585    496    580
   453 :    283    601    331    333
   454 :    619    450    508    468
   455 :    207    445    583    530
   456 :    530    583    520    225
   457 :    583    406    202    520
   458 :    445      4    406    583
   459 :    493    573    174    494
   460 :     23     20    386    231
   461 :    584    260    556    224
   462 :    529    384    414    151
   463 :    346    497    412    409
   464 :    391    390    597    322
   465 :    475    485    262    177
   466 :    421    422     27     16
   467 :    443    209    409    265
   468 :    239    156    473    167
   469 :    551    423    444    266
   470 :    567    561    560    485
   471 :    550    424    425    238
   472 :    240    591    327    348
   473 :    288    213    252    341
   474 :    213    185    361    252
   475 :    554    566    613    410
   476 :    379    215    497    346
   477 :      1    123    233      9
   478 :    196    391    322    324
   479 :    419    171    311    439
   480 :     21     23    231    450
   481 :    564    456    387    154
   482 :    402    388    229    400
   483 :    489    407    408    193
   484 :    301    356    541    535
   485 :    492    285    391    196
   486 :    473     29     14    424
   487 :    306    595    428    256
   488 :    296    211    516    557
   489 :    249    590    261    200
   490 :    224    556    176    590
   491 :    222    546    464    594
   492 :    263    155    358    442
   493 :    262    314    313    177
   494 :    278    568    435    600
   495 :    546    264    279    278
   496 :    385    449    249    259
   497 :    156     15     29    473
   498 :    587    208    209    443
   499 :    569    217    287    562
   500 :     38    237    574     59
   501 :    462    269    559    332
   502 :    293    372    343    274
   503 :    228    472    525    294
   504 :    413    323    615    614
   505 :    211    467    495    516
   506 :    593    493    494    260
   507 :     57    272    506     41
   508 :    542    198    216    524
   509 :    426    291    374    373
   510 :    167    473    424    550
   511 :    227    519    238    518
   512 :    276    179    275    598
   513 :    497    258    203    412
   514 :    256    428    308    221
   515 :    390    460    273    597
   516 :     20     24    569    386
   517 :    546    278    600    464
   518 :    287    192    479    267
   519 :    518    238    425    360
   520 :    421     16     28    357
   521 :    137    136    438    378
   522 :    495    564    154    230
   523 :    325    303    355    316
   524 :    610    609    303    325
   525 :    303    368    364    355
   526 :    258    576    328    203
   527 :    417    403    589    553
   528 :    285    245    390    391
   529 :     46     52    605    606
   530 :     51     46    606    607
   531 :     47     51    607    608
   532 :     50     47    608    609
   533 :     48     50    609    610
   534 :     49     48    610    611
   535 :     35     49    611    612
   536 :      2     35    612     65
   537 :    107    113    613    614
   538 :    114    107    614    615
   539 :    108    114    615    616
   540 :    115    108    616    617
   541 :    109    115    617    618
   542 :      6    109    618    119
   543 :      8     22    619    620
   544 :      0      8    620     36
Number of domains 8
  Domain :      0 
  Name : Symmetry
  Number of elements :     28
     0     1     2     3     4     5     6     7     8     9
    10    11    12    13    14    15    16    17    18    19
    20    21    22    23    24    25    26    27
  Domain :      1 
  Name : Top
  Number of elements :     28
    28    29    30    31    32    33    34    35    36    37
    38    39    40    41    42    43    44    45    46    47
    48    49    50    51    52    53    54    55
  Domain :      2 
  Name : Entity 2 
  Number of elements :      8
    56    57    58    59    60    61    62    63
  Domain :      3 
  Name : Entity 3 
  Number of elements :     14
    64    65    66    67    68    69    70    71    72    73
    74    75    76    77
  Domain :      4 
  Name : Entity 4 
  Number of elements :     22
    78    79    80    81    82    83    84    85    86    87
    88    89    90    91    92    93    94    95    96    97
    98    99
  Domain :      5 
  Name : Entity 5 
  Number of elements :     14
   100   101   102   103   104   105   106   107   108   109
   110   111   112   113
  Domain :      6 
  Name : Entity 6 
  Number of elements :      8
   114   115   116   117   118   119   120   121
  Domain :      7 
  Name : Bottom
  Number of elements :     28
   122   123   124   125   126   127   128   129   130   131
   132   133   134   135   136   137   138   139   140   141
   142   143   144   145   146   147   148   149
