Number of nodes 621 
     0 :  0.0000000e+00  1.0000000e+00 
     1 :  0.0000000e+00  0.0000000e+00 
     2 :  1.0000000e+00  1.0000000e+00 
     3 :  1.0000000e+00  7.5000000e-01 
     4 :  5.0000000e-01  7.5000000e-01 
     5 :  5.0000000e-01  2.5000000e-01 
     6 :  1.0000000e+00  2.5000000e-01 
     7 :  1.0000000e+00  0.0000000e+00 
     8 :  0.0000000e+00  9.6428571e-01 
     9 :  0.0000000e+00  3.5714286e-02 
    10 :  0.0000000e+00  1.0714286e-01 
    11 :  0.0000000e+00  1.7857143e-01 
    12 :  0.0000000e+00  2.5000000e-01 
    13 :  0.0000000e+00  3.2142857e-01 
    14 :  0.0000000e+00  3.9285714e-01 
    15 :  0.0000000e+00  4.6428571e-01 
    16 :  0.0000000e+00  5.3571429e-01 
    17 :  0.0000000e+00  6.0714286e-01 
    18 :  0.0000000e+00  6.7857143e-01 
    19 :  0.0000000e+00  7.5000000e-01 
    20 :  0.0000000e+00  8.2142857e-01 
    21 :  0.0000000e+00  8.9285714e-01 
    22 :  0.0000000e+00  9.2857143e-01 
    23 :  0.0000000e+00  8.5714286e-01 
    24 :  0.0000000e+00  7.8571429e-01 
    25 :  0.0000000e+00  7.1428571e-01 
    26 :  0.0000000e+00  6.4285714e-01 
    27 :  0.0000000e+00  5.7142857e-01 
    28 :  0.0000000e+00  5.0000000e-01 
    29 :  0.0000000e+00  4.2857143e-01 
    30 :  0.0000000e+00  3.5714286e-01 
    31 :  0.0000000e+00  2.8571429e-01 
    32 :  0.0000000e+00  2.1428571e-01 
    33 :  0.0000000e+00  1.4285714e-01 
    34 :  0.0000000e+00  7.1428571e-02 
    35 :  9.6428571e-01  1.0000000e+00 
    36 :  3.5714286e-02  1.0000000e+00 
    37 :  1.0714286e-01  1.0000000e+00 
    38 :  1.7857143e-01  1.0000000e+00 
    39 :  2.5000000e-01  1.0000000e+00 
    40 :  3.2142857e-01  1.0000000e+00 
    41 :  3.9285714e-01  1.0000000e+00 
    42 :  4.6428571e-01  1.0000000e+00 
    43 :  5.3571429e-01  1.0000000e+00 
    44 :  6.0714286e-01  1.0000000e+00 
    45 :  6.7857143e-01  1.0000000e+00 
    46 :  7.5000000e-01  1.0000000e+00 
    47 :  8.2142857e-01  1.0000000e+00 
    48 :  8.9285714e-01  1.0000000e+00 
    49 :  9.2857143e-01  1.0000000e+00 
    50 :  8.5714286e-01  1.0000000e+00 
    51 :  7.8571429e-01  1.0000000e+00 
    52 :  7.1428571e-01  1.0000000e+00 
    53 :  6.4285714e-01  1.0000000e+00 
    54 :  5.7142857e-01  1.0000000e+00 
    55 :  5.0000000e-01  1.0000000e+00 
    56 :  4.2857143e-01  1.0000000e+00 
    57 :  3.5714286e-01  1.0000000e+00 
    58 :  2.8571429e-01  1.0000000e+00 
    59 :  2.1428571e-01  1.0000000e+00 
    60 :  1.4285714e-01  1.0000000e+00 
    61 :  7.1428571e-02  1.0000000e+00 
    62 :  1.0000000e+00  7.8125000e-01 
    63 :  1.0000000e+00  8.4375000e-01 
    64 :  1.0000000e+00  9.0625000e-01 
    65 :  1.0000000e+00  9.6875000e-01 
    66 :  1.0000000e+00  8.1250000e-01 
    67 :  1.0000000e+00  8.7500000e-01 
    68 :  1.0000000e+00  9.3750000e-01 
    69 :  9.6428571e-01  7.5000000e-01 
    70 :  8.9285714e-01  7.5000000e-01 
    71 :  8.2142857e-01  7.5000000e-01 
    72 :  7.5000000e-01  7.5000000e-01 
    73 :  6.7857143e-01  7.5000000e-01 
    74 :  6.0714286e-01  7.5000000e-01 
    75 :  5.3571429e-01  7.5000000e-01 
    76 :  9.2857143e-01  7.5000000e-01 
    77 :  8.5714286e-01  7.5000000e-01 
    78 :  7.8571429e-01  7.5000000e-01 
    79 :  7.1428571e-01  7.5000000e-01 
    80 :  6.4285714e-01  7.5000000e-01 
    81 :  5.7142857e-01  7.5000000e-01 
    82 :  4.6442129e-01  7.4745536e-01 
    83 :  4.6442129e-01  2.5254464e-01 
    84 :  3.9614625e-01  2.7259200e-01 
    85 :  3.3628482e-01  3.1106261e-01 
    86 :  2.8968662e-01  3.6483980e-01 
    87 :  2.6012676e-01  4.2956686e-01 
    88 :  2.5000000e-01  5.0000000e-01 
    89 :  2.6012676e-01  5.7043314e-01 
    90 :  2.8968662e-01  6.3516020e-01 
    91 :  3.3628482e-01  6.8893739e-01 
    92 :  3.9614625e-01  7.2740800e-01 
    93 :  4.2956686e-01  7.3987324e-01 
    94 :  3.6483980e-01  7.1031338e-01 
    95 :  3.1106261e-01  6.6371518e-01 
    96 :  2.7259200e-01  6.0385375e-01 
    97 :  2.5254464e-01  5.3557871e-01 
    98 :  2.5254464e-01  4.6442129e-01 
    99 :  2.7259200e-01  3.9614625e-01 
   100 :  3.1106261e-01  3.3628482e-01 
   101 :  3.6483980e-01  2.8968662e-01 
   102 :  4.2956686e-01  2.6012676e-01 
   103 :  5.3571429e-01  2.5000000e-01 
   104 :  6.0714286e-01  2.5000000e-01 
   105 :  6.7857143e-01  2.5000000e-01 
   106 :  7.5000000e-01  2.5000000e-01 
   107 :  8.2142857e-01  2.5000000e-01 
   108 :  8.9285714e-01  2.5000000e-01 
   109 :  9.6428571e-01  2.5000000e-01 
   110 :  5.7142857e-01  2.5000000e-01 
   111 :  6.4285714e-01  2.5000000e-01 
   112 :  7.1428571e-01  2.5000000e-01 
   113 :  7.8571429e-01  2.5000000e-01 
   114 :  8.5714286e-01  2.5000000e-01 
   115 :  9.2857143e-01  2.5000000e-01 
   116 :  1.0000000e+00  3.1250000e-02 
   117 :  1.0000000e+00  9.3750000e-02 
   118 :  1.0000000e+00  1.5625000e-01 
   119 :  1.0000000e+00  2.1875000e-01 
   120 :  1.0000000e+00  6.2500000e-02 
   121 :  1.0000000e+00  1.2500000e-01 
   122 :  1.0000000e+00  1.8750000e-01 
   123 :  3.5714286e-02  0.0000000e+00 
   124 :  9.6428571e-01  0.0000000e+00 
   125 :  8.9285714e-01  0.0000000e+00 
   126 :  8.2142857e-01  0.0000000e+00 
   127 :  7.5000000e-01  0.0000000e+00 
   128 :  6.7857143e-01  0.0000000e+00 
   129 :  6.0714286e-01  0.0000000e+00 
   130 :  5.3571429e-01  0.0000000e+00 
   131 :  4.6428571e-01  0.0000000e+00 
   132 :  3.9285714e-01  0.0000000e+00 
   133 :  3.2142857e-01  0.0000000e+00 
   134 :  2.5000000e-01  0.0000000e+00 
   135 :  1.7857143e-01  0.0000000e+00 
   136 :  1.0714286e-01  0.0000000e+00 
   137 :  7.1428571e-02  0.0000000e+00 
   138 :  1.4285714e-01  0.0000000e+00 
   139 :  2.1428571e-01  0.0000000e+00 
   140 :  2.8571429e-01  0.0000000e+00 
   141 :  3.5714286e-01  0.0000000e+00 
   142 :  4.2857143e-01  0.0000000e+00 
   143 :  5.0000000e-01  0.0000000e+00 
   144 :  5.7142857e-01  0.0000000e+00 
   145 :  6.4285714e-01  0.0000000e+00 
   146 :  7.1428571e-01  0.0000000e+00 
   147 :  7.8571429e-01  0.0000000e+00 
   148 :  8.5714286e-01  0.0000000e+00 
   149 :  9.2857143e-01  0.0000000e+00 
   150 :  3.9269066e-01  2.0705156e-01 
   151 :  1.0622779e-01  3.7142407e-02 
   152 :  3.9061722e-01  8.0279136e-01 
   153 :  1.1020492e-01  9.2982800e-01 
   154 :  9.2667777e-02  2.6295622e-01 
   155 :  6.0671195e-02  4.1254624e-01 
   156 :  3.1856552e-02  4.5725120e-01 
   157 :  6.8114803e-02  5.6204746e-01 
   158 :  5.0282329e-01  9.4115837e-01 
   159 :  8.5718410e-01  8.1258285e-01 
   160 :  5.0469614e-01  8.8268234e-01 
   161 :  6.7877732e-01  7.8172474e-01 
   162 :  4.2837453e-01  3.3849533e-02 
   163 :  7.1427028e-01  9.4042500e-02 
   164 :  2.0881024e-01  1.5368630e-01 
   165 :  3.1978849e-01  1.0963473e-01 
   166 :  3.0648305e-02  2.5354331e-01 
   167 :  5.2990138e-02  3.2447459e-01 
   168 :  6.5391719e-02  4.8725403e-01 
   169 :  7.1427149e-01  1.5654909e-01 
   170 :  1.6556601e-01  2.3444882e-01 
   171 :  9.6428563e-01  1.5625779e-01 
   172 :  6.7854980e-01  1.5671913e-01 
   173 :  2.4553264e-01  1.5307111e-01 
   174 :  3.9997158e-01  7.7975193e-01 
   175 :  3.1788409e-01  7.1175681e-01 
   176 :  3.1585727e-01  8.1351782e-01 
   177 :  1.8119085e-01  9.6590235e-01 
   178 :  8.6641311e-02  2.9876225e-01 
   179 :  2.0776916e-01  3.8239865e-01 
   180 :  1.4300613e-01  6.2934679e-01 
   181 :  1.7147454e-01  5.8623745e-01 
   182 :  1.9530392e-01  4.6630215e-01 
   183 :  6.6461363e-02  1.8431739e-01 
   184 :  8.5714132e-01  1.8753731e-01 
   185 :  8.2151344e-01  8.4392129e-01 
   186 :  8.9289096e-01  8.4381598e-01 
   187 :  8.5719704e-01  8.4385761e-01 
   188 :  6.0807402e-01  8.1477650e-01 
   189 :  8.5720173e-01  8.7511578e-01 
   190 :  6.0764325e-01  7.8261373e-01 
   191 :  6.4316465e-01  9.6930664e-01 
   192 :  6.7910449e-01  8.7608673e-01 
   193 :  7.5008483e-01  7.8143195e-01 
   194 :  7.1690902e-02  6.3647263e-01 
   195 :  7.5066172e-02  7.1118608e-01 
   196 :  7.8584640e-01  9.0651276e-01 
   197 :  8.2142459e-01  1.2508347e-01 
   198 :  6.9154367e-02  1.1030336e-01 
   199 :  5.3563423e-01  1.8996662e-01 
   200 :  1.4178127e-01  3.7488567e-02 
   201 :  6.7854784e-01  9.4203603e-02 
   202 :  7.8571153e-01  3.1299559e-02 
   203 :  4.3372518e-01  9.4177289e-01 
   204 :  4.3864087e-01  8.8527171e-01 
   205 :  6.3785016e-02  4.4959308e-01 
   206 :  5.0392207e-01  8.2395782e-01 
   207 :  3.1988732e-01  2.2666916e-01 
   208 :  3.2030085e-01  7.2768891e-02 
   209 :  4.6396926e-01  9.9117416e-02 
   210 :  8.9285638e-01  1.8752291e-01 
   211 :  4.4254652e-01  7.9388279e-01 
   212 :  9.2857129e-01  3.1257116e-02 
   213 :  1.7619469e-01  7.5591374e-02 
   214 :  3.9916961e-01  9.4126228e-01 
   215 :  6.4368251e-01  8.7667722e-01 
   216 :  7.1452749e-01  9.3796977e-01 
   217 :  5.7331222e-01  8.4794398e-01 
   218 :  2.0220471e-01  2.3792453e-01 
   219 :  2.8418283e-01  7.4211080e-02 
   220 :  2.3252154e-01  8.3126798e-01 
   221 :  2.5352235e-01  9.6742987e-01 
   222 :  7.1427883e-01  3.1369341e-02 
   223 :  8.5714066e-01  1.2505264e-01 
   224 :  5.7134281e-01  9.5395735e-02 
   225 :  1.6676222e-01  5.4787317e-01 
   226 :  8.2142586e-01  1.8755932e-01 
   227 :  7.4998959e-01  1.2520507e-01 
   228 :  3.6069895e-01  9.6995888e-01 
   229 :  4.4265536e-01  8.3335195e-01 
   230 :  1.9741292e-01  5.4353033e-01 
   231 :  2.7903500e-02  3.8682294e-01 
   232 :  2.1740995e-01  9.6660097e-01 
   233 :  1.1476124e-01  7.4809996e-01 
   234 :  3.7838536e-02  8.2154270e-01 
   235 :  4.6395189e-01  1.3164759e-01 
   236 :  1.8668041e-01  6.6530803e-01 
   237 :  6.4281978e-01  1.2577720e-01 
   238 :  9.2857107e-01  1.2501856e-01 
   239 :  7.8570938e-01  6.2591868e-02 
   240 :  3.8254629e-01  7.4746785e-01 
   241 :  4.0588710e-01  8.8440866e-01 
   242 :  1.9736198e-01  7.5065109e-01 
   243 :  9.2481451e-02  4.0001594e-01 
   244 :  5.7518021e-02  2.9259178e-01 
   245 :  8.2146354e-01  7.8132190e-01 
   246 :  6.4317808e-01  7.8204003e-01 
   247 :  7.5015658e-01  9.3780713e-01 
   248 :  7.1426966e-01  1.2532015e-01 
   249 :  1.4058810e-01  7.5127002e-02 
   250 :  3.2085774e-01  3.6291363e-02 
   251 :  6.0709866e-01  6.3302593e-02 
   252 :  3.7152570e-02  8.9323012e-01 
   253 :  2.5723925e-01  9.3494571e-01 
   254 :  1.5323480e-01  8.2416019e-01 
   255 :  5.3766271e-01  9.4041499e-01 
   256 :  7.1441795e-01  7.8154177e-01 
   257 :  7.1462963e-01  8.7570040e-01 
   258 :  5.7340130e-01  8.7885446e-01 
   259 :  3.2097463e-02  2.1761883e-01 
   260 :  5.7139053e-01  3.1889924e-02 
   261 :  3.5587661e-01  1.4282037e-01 
   262 :  7.5945560e-02  7.4844187e-01 
   263 :  3.7750277e-01  8.5429569e-01 
   264 :  4.4086228e-01  8.5844601e-01 
   265 :  1.3468861e-01  5.5244961e-01 
   266 :  2.2095426e-01  3.3781233e-01 
   267 :  1.6372060e-01  4.6913927e-01 
   268 :  1.5299107e-01  7.0864666e-01 
   269 :  1.2491571e-01  2.6970147e-01 
   270 :  2.5916744e-02  3.5452158e-01 
   271 :  2.2069207e-01  9.3320359e-01 
   272 :  7.4373204e-02  8.9373227e-01 
   273 :  1.3721113e-01  1.5148608e-01 
   274 :  3.1938944e-01  1.4718232e-01 
   275 :  8.2142496e-01  1.5632731e-01 
   276 :  3.4992131e-02  7.2449590e-02 
   277 :  1.4705136e-01  9.3063163e-01 
   278 :  4.2886881e-01  2.3084648e-01 
   279 :  1.0015909e-01  1.8740120e-01 
   280 :  3.9386786e-01  2.4056000e-01 
   281 :  1.9943552e-01  4.2548932e-01 
   282 :  2.2505123e-01  4.6491318e-01 
   283 :  2.4906216e-01  3.7453123e-02 
   284 :  1.0521521e-01  7.4376433e-02 
   285 :  9.6428563e-01  9.3757839e-02 
   286 :  1.7820717e-01  6.2505411e-01 
   287 :  6.7854694e-01  1.2549911e-01 
   288 :  2.1321095e-01  3.7689036e-02 
   289 :  7.8479995e-02  3.2986839e-01 
   290 :  3.9212836e-01  1.0391669e-01 
   291 :  2.8447091e-01  6.8420405e-01 
   292 :  5.3876161e-01  8.8060557e-01 
   293 :  7.5020468e-01  9.0665750e-01 
   294 :  9.2857118e-01  6.2513150e-02 
   295 :  1.3064785e-01  2.2997926e-01 
   296 :  8.9285612e-01  1.2503237e-01 
   297 :  9.2857108e-01  9.3767169e-02 
   298 :  8.2142481e-01  9.3826876e-02 
   299 :  3.2519535e-01  9.6920301e-01 
   300 :  1.5463590e-01  7.8702960e-01 
   301 :  3.7413375e-02  7.1272096e-01 
   302 :  1.1312417e-01  8.5881851e-01 
   303 :  9.2859283e-01  8.7504070e-01 
   304 :  5.3837403e-01  9.1057295e-01 
   305 :  6.7877263e-01  9.6912708e-01 
   306 :  6.4345161e-01  8.1387521e-01 
   307 :  5.3674412e-01  9.7021655e-01 
   308 :  5.7289577e-01  8.1635544e-01 
   309 :  5.7137445e-01  1.8899574e-01 
   310 :  5.3557671e-01  1.2789381e-01 
   311 :  6.0711811e-01  3.1676831e-02 
   312 :  6.4283325e-01  1.8807815e-01 
   313 :  4.9996232e-01  2.2146872e-01 
   314 :  5.7140136e-01  2.1960268e-01 
   315 :  4.9983905e-01  6.5131560e-02 
   316 :  5.3567708e-01  2.2021864e-01 
   317 :  8.2151374e-01  9.0641827e-01 
   318 :  5.7220615e-01  7.8374189e-01 
   319 :  7.8584629e-01  8.4402010e-01 
   320 :  6.4284479e-01  2.1906856e-01 
   321 :  3.5635045e-01  7.1055725e-02 
   322 :  6.0712434e-01  2.1926531e-01 
   323 :  2.8073452e-01  2.9690683e-01 
   324 :  3.5906918e-01  2.5387079e-01 
   325 :  9.6428564e-01  1.2500845e-01 
   326 :  3.2323492e-01  2.7145661e-01 
   327 :  7.5022182e-01  8.7544994e-01 
   328 :  8.5719735e-01  9.0635643e-01 
   329 :  5.7212805e-01  9.6986184e-01 
   330 :  1.3913135e-01  1.1307609e-01 
   331 :  3.1926985e-01  1.8589712e-01 
   332 :  6.4284102e-01  3.1531334e-02 
   333 :  7.1428026e-01  2.1887600e-01 
   334 :  8.5714079e-01  9.3798533e-02 
   335 :  6.7856322e-01  2.1894956e-01 
   336 :  3.5889552e-02  6.3973008e-01 
   337 :  7.3550389e-02  6.7380301e-01 
   338 :  3.6733386e-02  6.7622394e-01 
   339 :  4.1294805e-01  7.5932234e-01 
   340 :  2.6593198e-01  8.6995662e-01 
   341 :  2.4968851e-01  7.1022505e-01 
   342 :  7.5020516e-01  8.4417475e-01 
   343 :  8.9287101e-01  7.8127751e-01 
   344 :  7.1460230e-01  9.0687817e-01 
   345 :  4.9978524e-01  1.2942463e-01 
   346 :  5.7136045e-01  6.3711485e-02 
   347 :  7.8570802e-01  9.3870525e-02 
   348 :  4.6404154e-01  6.6240881e-02 
   349 :  5.3869125e-01  8.5029871e-01 
   350 :  5.3690686e-01  7.8621168e-01 
   351 :  5.7318915e-01  9.0936993e-01 
   352 :  3.4392851e-01  8.4958378e-01 
   353 :  2.8495843e-01  3.6974421e-02 
   354 :  2.4692188e-01  1.1357117e-01 
   355 :  9.6429553e-01  8.7501848e-01 
   356 :  7.8576880e-01  7.8136434e-01 
   357 :  6.0760928e-01  9.6955104e-01 
   358 :  8.2149338e-01  8.1263217e-01 
   359 :  1.6571466e-01  4.2631927e-01 
   360 :  5.4910377e-02  3.7989595e-01 
   361 :  1.7113000e-01  3.7837817e-01 
   362 :  1.3098563e-01  4.7392413e-01 
   363 :  9.2858640e-01  8.1252901e-01 
   364 :  7.5015701e-01  8.1283147e-01 
   365 :  7.8585722e-01  8.7528829e-01 
   366 :  9.6428937e-01  7.8125717e-01 
   367 :  6.4342788e-01  9.3855886e-01 
   368 :  6.4362871e-01  8.4541883e-01 
   369 :  7.8581541e-01  9.3769906e-01 
   370 :  9.2859137e-01  9.0628734e-01 
   371 :  9.2858684e-01  9.3752843e-01 
   372 :  9.6429465e-01  8.4376721e-01 
   373 :  9.6429296e-01  9.3751298e-01 
   374 :  6.0709277e-01  1.5741174e-01 
   375 :  3.5370441e-02  3.6214834e-02 
   376 :  6.0708737e-01  9.4827935e-02 
   377 :  4.9991134e-01  3.2613323e-02 
   378 :  6.7856090e-01  3.1433843e-02 
   379 :  4.6412078e-01  1.9474655e-01 
   380 :  6.8009515e-02  1.4727200e-01 
   381 :  5.7134005e-01  1.2687484e-01 
   382 :  1.7467697e-01  1.1394577e-01 
   383 :  3.9220093e-01  1.7292382e-01 
   384 :  7.4999640e-01  2.1882989e-01 
   385 :  3.4536491e-02  1.0872423e-01 
   386 :  3.0269716e-01  8.7444363e-01 
   387 :  1.8391378e-01  9.3174827e-01 
   388 :  1.5131505e-01  8.6026261e-01 
   389 :  1.1494155e-01  7.8575328e-01 
   390 :  1.6983214e-01  1.9310252e-01 
   391 :  7.4999073e-01  1.5644084e-01 
   392 :  2.1063190e-01  1.1418057e-01 
   393 :  5.0147259e-01  9.7055537e-01 
   394 :  4.6821344e-01  9.4169157e-01 
   395 :  4.3117432e-01  9.7078297e-01 
   396 :  4.6630114e-01  9.7077968e-01 
   397 :  9.6429250e-01  8.1251324e-01 
   398 :  9.2857951e-01  7.8126572e-01 
   399 :  6.0829754e-01  9.0840816e-01 
   400 :  8.9288328e-01  9.3754973e-01 
   401 :  7.5222937e-02  8.5795925e-01 
   402 :  1.4920253e-01  8.9566644e-01 
   403 :  3.2912161e-01  9.3863757e-01 
   404 :  5.3565595e-01  3.2194070e-02 
   405 :  4.2820553e-01  6.7641647e-02 
   406 :  3.9231490e-01  6.9285977e-02 
   407 :  7.4999004e-01  9.3938055e-02 
   408 :  5.0172395e-01  7.9237018e-01 
   409 :  6.7894378e-01  9.3821082e-01 
   410 :  6.7906718e-01  8.4480448e-01 
   411 :  8.5714130e-01  6.2537087e-02 
   412 :  2.8172188e-01  1.9166238e-01 
   413 :  7.1427525e-01  1.8773126e-01 
   414 :  2.4366410e-01  1.9452535e-01 
   415 :  1.0866504e-01  9.6495381e-01 
   416 :  3.9600358e-01  9.7050621e-01 
   417 :  4.1368947e-01  8.3191792e-01 
   418 :  2.9341254e-01  9.3682457e-01 
   419 :  2.0622459e-01  1.9470929e-01 
   420 :  6.4282838e-01  6.3026330e-02 
   421 :  2.4073856e-01  2.3939916e-01 
   422 :  3.3449430e-02  5.3032368e-01 
   423 :  3.4183898e-02  5.6681004e-01 
   424 :  6.6684674e-02  5.2475844e-01 
   425 :  8.0821956e-02  3.6928992e-01 
   426 :  2.4176874e-01  3.8821267e-01 
   427 :  8.5714197e-01  3.1270048e-02 
   428 :  4.6400199e-01  1.6362391e-01 
   429 :  6.0710679e-01  1.8842401e-01 
   430 :  4.6415265e-01  3.3164964e-02 
   431 :  8.9285643e-01  6.2522867e-02 
   432 :  4.9988326e-01  1.9167000e-01 
   433 :  2.6130760e-01  9.0247907e-01 
   434 :  6.9806606e-02  5.9924290e-01 
   435 :  3.5008097e-02  6.0326476e-01 
   436 :  4.6428553e-01  2.2458562e-01 
   437 :  2.4409296e-01  6.1201754e-01 
   438 :  1.9473829e-01  5.0541106e-01 
   439 :  2.2613280e-01  5.3941600e-01 
   440 :  2.2348402e-01  5.0243658e-01 
   441 :  9.6428565e-01  1.8750595e-01 
   442 :  2.6044587e-01  6.4812866e-01 
   443 :  6.1391595e-02  2.5766538e-01 
   444 :  2.6822389e-02  3.2238004e-01 
   445 :  9.6460499e-02  4.4083872e-01 
   446 :  1.1642798e-01  3.0878275e-01 
   447 :  4.6009554e-01  7.8205687e-01 
   448 :  4.2496534e-01  7.8735366e-01 
   449 :  4.3963525e-01  7.6960894e-01 
   450 :  2.2422732e-01  8.9966625e-01 
   451 :  2.4336206e-01  7.5684245e-01 
   452 :  1.1171821e-01  8.9449772e-01 
   453 :  3.7551011e-02  8.5746408e-01 
   454 :  7.3418584e-02  9.2927095e-01 
   455 :  5.3558135e-01  9.6235955e-02 
   456 :  6.4282107e-01  9.4450971e-02 
   457 :  7.0037854e-02  7.3453883e-02 
   458 :  1.8974075e-01  8.6252952e-01 
   459 :  7.6165757e-02  7.8536179e-01 
   460 :  3.3668328e-01  7.5668038e-01 
   461 :  2.9949792e-01  7.3895788e-01 
   462 :  7.1427345e-01  6.2721872e-02 
   463 :  3.9256991e-01  3.4641002e-02 
   464 :  4.2814776e-01  1.6762156e-01 
   465 :  9.7049600e-02  2.2540607e-01 
   466 :  1.0741987e-01  6.3305147e-01 
   467 :  2.0324371e-01  5.8129271e-01 
   468 :  1.0168781e-01  5.5722011e-01 
   469 :  1.0430860e-01  5.9508715e-01 
   470 :  4.0243834e-01  9.1247520e-01 
   471 :  3.6824791e-01  9.1081875e-01 
   472 :  3.5084584e-01  8.2148299e-01 
   473 :  1.0398223e-01  1.1179836e-01 
   474 :  1.0236997e-01  1.4947491e-01 
   475 :  8.9285674e-01  3.1262362e-02 
   476 :  1.0243739e-01  3.4590256e-01 
   477 :  9.6428569e-01  3.1253255e-02 
   478 :  1.3453130e-01  1.9046298e-01 
   479 :  5.7135190e-01  1.5808817e-01 
   480 :  1.1335241e-01  7.0978183e-01 
   481 :  1.1065046e-01  6.7129673e-01 
   482 :  7.4999210e-01  6.2643086e-02 
   483 :  3.5600073e-01  1.7924213e-01 
   484 :  1.7267281e-01  1.5301865e-01 
   485 :  9.8128830e-02  4.8048527e-01 
   486 :  4.9941304e-02  3.5228687e-01 
   487 :  1.8416712e-01  3.2999838e-01 
   488 :  6.7906045e-01  9.0721071e-01 
   489 :  6.4361013e-01  9.0770251e-01 
   490 :  6.0801198e-01  9.3904156e-01 
   491 :  8.9288290e-01  8.1255068e-01 
   492 :  5.3805583e-01  8.1916752e-01 
   493 :  4.9981673e-01  1.6090252e-01 
   494 :  3.0859219e-01  8.4371428e-01 
   495 :  1.8676402e-01  8.9736711e-01 
   496 :  2.2812676e-01  8.6579473e-01 
   497 :  6.7855265e-01  6.2842613e-02 
   498 :  6.0708553e-01  1.2620864e-01 
   499 :  5.0481118e-01  8.5352057e-01 
   500 :  9.2859107e-01  8.4378780e-01 
   501 :  6.0834587e-01  8.4639760e-01 
   502 :  7.8570988e-01  1.8759349e-01 
   503 :  3.5057974e-01  7.3203569e-01 
   504 :  1.4827317e-01  6.6859498e-01 
   505 :  4.3622656e-01  9.1317894e-01 
   506 :  2.7139920e-01  8.3729103e-01 
   507 :  3.3950875e-02  1.4504243e-01 
   508 :  2.8099884e-01  2.3673357e-01 
   509 :  1.5489155e-01  7.4853212e-01 
   510 :  1.9557875e-01  7.8989293e-01 
   511 :  7.2423407e-02  9.6466564e-01 
   512 :  8.2149378e-01  9.3762792e-01 
   513 :  5.0395019e-01  9.1186317e-01 
   514 :  6.7895224e-01  8.1334598e-01 
   515 :  1.7744315e-01  3.7688230e-02 
   516 :  7.8570837e-01  1.5637167e-01 
   517 :  2.9774352e-01  9.0551308e-01 
   518 :  4.0959806e-01  8.5740722e-01 
   519 :  1.4838079e-01  3.2119423e-01 
   520 :  1.3047505e-01  4.3093856e-01 
   521 :  4.7188646e-01  8.3015242e-01 
   522 :  4.7138307e-01  8.8453498e-01 
   523 :  4.7222579e-01  8.5685530e-01 
   524 :  7.4999314e-01  1.8764699e-01 
   525 :  2.7815047e-01  8.0440226e-01 
   526 :  2.1203446e-01  7.5647516e-02 
   527 :  8.2142567e-01  6.2558663e-02 
   528 :  4.6995301e-01  9.1288611e-01 
   529 :  8.2142694e-01  3.1281687e-02 
   530 :  9.6428567e-01  6.2505996e-02 
   531 :  4.4351580e-01  8.1116377e-01 
   532 :  1.9276922e-01  8.2689033e-01 
   533 :  4.2839894e-01  1.9981794e-01 
   534 :  5.3560928e-01  6.4303135e-02 
   535 :  5.7273975e-01  9.3967104e-01 
   536 :  7.8581523e-01  8.1270929e-01 
   537 :  7.1453023e-01  8.1302728e-01 
   538 :  7.1460456e-01  8.4441843e-01 
   539 :  8.2152063e-01  8.7518370e-01 
   540 :  8.9289388e-01  8.7507113e-01 
   541 :  3.7255987e-01  8.8210038e-01 
   542 :  3.5940979e-01  7.9473893e-01 
   543 :  8.9289118e-01  9.0631537e-01 
   544 :  8.5714083e-01  1.5629869e-01 
   545 :  2.4806027e-01  7.5197319e-02 
   546 :  6.4282428e-01  1.5698719e-01 
   547 :  8.5718462e-01  9.3758104e-01 
   548 :  2.1242062e-01  6.1950867e-01 
   549 :  2.2594768e-01  6.5996189e-01 
   550 :  3.7825783e-02  7.4915147e-01 
   551 :  1.3227429e-01  5.1378055e-01 
   552 :  3.2743686e-02  4.9377820e-01 
   553 :  9.9676591e-02  5.1914667e-01 
   554 :  2.8337783e-01  1.1201494e-01 
   555 :  7.0767348e-02  3.6702706e-02 
   556 :  3.3166887e-02  1.8137380e-01 
   557 :  9.2857114e-01  1.8751312e-01 
   558 :  1.4492800e-01  9.6535657e-01 
   559 :  3.7952360e-02  7.8543883e-01 
   560 :  9.2857107e-01  1.5626714e-01 
   561 :  4.2805886e-01  1.3468310e-01 
   562 :  1.9542756e-01  2.8367942e-01 
   563 :  1.5889794e-01  2.7710982e-01 
   564 :  1.9581280e-01  7.0813903e-01 
   565 :  2.3756112e-01  7.9545899e-01 
   566 :  2.3498974e-01  2.8969007e-01 
   567 :  2.8254621e-01  1.5086163e-01 
   568 :  2.8790024e-02  2.8868563e-01 
   569 :  1.6415515e-01  5.0914933e-01 
   570 :  2.8695653e-01  7.7136213e-01 
   571 :  5.3559627e-01  1.5917098e-01 
   572 :  3.5673167e-01  3.5482503e-02 
   573 :  6.7855561e-01  1.8786475e-01 
   574 :  3.5673200e-01  2.1622992e-01 
   575 :  4.1845494e-01  8.0846584e-01 
   576 :  3.6998297e-01  7.6985955e-01 
   577 :  8.9285617e-01  1.5627992e-01 
   578 :  3.6435124e-01  9.4017660e-01 
   579 :  3.2503905e-01  7.8424757e-01 
   580 :  8.9285618e-01  9.3779877e-02 
   581 :  2.3293602e-01  5.7589249e-01 
   582 :  4.6898544e-01  8.0490566e-01 
   583 :  2.8946567e-01  9.6832701e-01 
   584 :  3.3823259e-01  8.7865262e-01 
   585 :  3.9206260e-01  1.3849126e-01 
   586 :  1.3007237e-01  3.7541466e-01 
   587 :  3.0328702e-02  4.2116803e-01 
   588 :  6.0841930e-01  8.7756495e-01 
   589 :  3.5604099e-01  1.0680156e-01 
   590 :  1.1427871e-01  8.2262557e-01 
   591 :  9.6429498e-01  9.0626696e-01 
   592 :  4.2809023e-01  1.0129350e-01 
   593 :  3.8337340e-01  8.2773870e-01 
   594 :  3.3339252e-01  9.0840534e-01 
   595 :  2.5769245e-01  3.4820084e-01 
   596 :  1.3831594e-01  5.9077993e-01 
   597 :  6.9484707e-02  3.5055929e-01 
   598 :  7.8570770e-01  1.2513108e-01 
   599 :  2.3104008e-01  4.2684459e-01 
   600 :  4.9979410e-01  9.7445770e-02 
   601 :  7.4999557e-01  3.1327078e-02 
   602 :  7.5867699e-02  8.2186061e-01 
   603 :  8.5716506e-01  7.8129499e-01 
   604 :  6.4325563e-02  2.2126358e-01 
   605 :  7.1441658e-01  9.6900082e-01 
   606 :  7.5008480e-01  9.6891468e-01 
   607 :  7.8576907e-01  9.6885706e-01 
   608 :  8.2146390e-01  9.6881896e-01 
   609 :  8.5716549e-01  9.6879369e-01 
   610 :  8.9287134e-01  9.6877678e-01 
   611 :  9.2857985e-01  9.6876535e-01 
   612 :  9.6428970e-01  9.6875705e-01 
   613 :  7.8571198e-01  2.1880075e-01 
   614 :  8.2142716e-01  2.1878215e-01 
   615 :  8.5714205e-01  2.1877019e-01 
   616 :  8.9285676e-01  2.1876239e-01 
   617 :  9.2857130e-01  2.1875709e-01 
   618 :  9.6428570e-01  2.1875321e-01 
   619 :  3.6692498e-02  9.2887976e-01 
   620 :  3.6205110e-02  9.6445572e-01 
Number of edges 150 
     0 :      0      8 
     1 :      8     22 
     2 :     22     21 
     3 :     21     23 
     4 :     23     20 
     5 :     20     24 
     6 :     24     19 
     7 :     19     25 
     8 :     25     18 
     9 :     18     26 
    10 :     26     17 
    11 :     17     27 
    12 :     27     16 
    13 :     16     28 
    14 :     28     15 
    15 :     15     29 
    16 :     29     14 
    17 :     14     30 
    18 :     30     13 
    19 :     13     31 
    20 :     31     12 
    21 :     12     32 
    22 :     32     11 
    23 :     11     33 
    24 :     33     10 
    25 :     10     34 
    26 :     34      9 
    27 :      9      1 
    28 :      2     35 
    29 :     35     49 
    30 :     49     48 
    31 :     48     50 
    32 :     50     47 
    33 :     47     51 
    34 :     51     46 
    35 :     46     52 
    36 :     52     45 
    37 :     45     53 
    38 :     53     44 
    39 :     44     54 
    40 :     54     43 
    41 :     43     55 
    42 :     55     42 
    43 :     42     56 
    44 :     56     41 
    45 :     41     57 
    46 :     57     40 
    47 :     40     58 
    48 :     58     39 
    49 :     39     59 
    50 :     59     38 
    51 :     38     60 
    52 :     60     37 
    53 :     37     61 
    54 :     61     36 
    55 :     36      0 
    56 :      3     62 
    57 :     62     66 
    58 :     66     63 
    59 :     63     67 
    60 :     67     64 
    61 :     64     68 
    62 :     68     65 
    63 :     65      2 
    64 :      3     69 
    65 :     69     76 
    66 :     76     70 
    67 :     70     77 
    68 :     77     71 
    69 :     71     78 
    70 :     78     72 
    71 :     72     79 
    72 :     79     73 
    73 :     73     80 
    74 :     80     74 
    75 :     74     81 
    76 :     81     75 
    77 :     75      4 
    78 :      4     82 
    79 :     82     93 
    80 :     93     92 
    81 :     92     94 
    82 :     94     91 
    83 :     91     95 
    84 :     95     90 
    85 :     90     96 
    86 :     96     89 
    87 :     89     97 
    88 :     97     88 
    89 :     88     98 
    90 :     98     87 
    91 :     87     99 
    92 :     99     86 
    93 :     86    100 
    94 :    100     85 
    95 :     85    101 
    96 :    101     84 
    97 :     84    102 
    98 :    102     83 
    99 :     83      5 
   100 :      5    103 
   101 :    103    110 
   102 :    110    104 
   103 :    104    111 
   104 :    111    105 
   105 :    105    112 
   106 :    112    106 
   107 :    106    113 
   108 :    113    107 
   109 :    107    114 
   110 :    114    108 
   111 :    108    115 
   112 :    115    109 
   113 :    109      6 
   114 :      7    116 
   115 :    116    120 
   116 :    120    117 
   117 :    117    121 
   118 :    121    118 
   119 :    118    122 
   120 :    122    119 
   121 :    119      6 
   122 :      1    123 
   123 :    123    137 
   124 :    137    136 
   125 :    136    138 
   126 :    138    135 
   127 :    135    139 
   128 :    139    134 
   129 :    134    140 
   130 :    140    133 
   131 :    133    141 
   132 :    141    132 
   133 :    132    142 
   134 :    142    131 
   135 :    131    143 
   136 :    143    130 
   137 :    130    144 
   138 :    144    129 
   139 :    129    145 
   140 :    145    128 
   141 :    128    146 
   142 :    146    127 
   143 :    127    147 
   144 :    147    126 
   145 :    126    148 
   146 :    148    125 
   147 :    125    149 
   148 :    149    124 
   149 :    124      7 
Number of quads 545 
     0 :    346    251    376    224
     1 :    377    404    534    315
     2 :    302    590    254    388
     3 :     40    299    228     57
     4 :    594    584    541    471
     5 :     36    620    511     61
     6 :    366    398     76     69
     7 :    608    607    369    512
     8 :    610    609    547    400
     9 :    293    344    257    327
    10 :    538    410    514    537
    11 :    256    161     73     79
    12 :    317    196    365    539
    13 :     64    591    355     67
    14 :    572    463    406    321
    15 :    134    140    353    283
    16 :    184    210    616    615
    17 :    171    118    122    441
    18 :    130    144    260    404
    19 :    313    316    103      5
    20 :    316    314    110    103
    21 :    508    207    326    323
    22 :    599     87     98    282
    23 :    355    303    500    372
    24 :    603    245     71     77
    25 :    372    500    363    397
    26 :    397    363    398    366
    27 :      1    123    375      9
    28 :    314    322    104    110
    29 :    322    320    111    104
    30 :    478    390    170    295
    31 :    290    592    561    585
    32 :    323    326     85    100
    33 :    326    324    101     85
    34 :    288    283    545    526
    35 :    501    217    308    188
    36 :    605    305    409    216
    37 :    356    193     72     78
    38 :    500    186    491    363
    39 :    250    572    321    208
    40 :    390    419    218    170
    41 :    345    310    571    493
    42 :    128    146    222    378
    43 :    320    335    105    111
    44 :    335    333    112    105
    45 :    332    378    497    420
    46 :    194    337    338    336
    47 :    336    338     18     26
    48 :    338    301     25     18
    49 :    337    195    301    338
    50 :    451    341    461    570
    51 :    291    442     90     95
    52 :    351    304    292    258
    53 :    342    538    537    364
    54 :    217    349    492    308
    55 :    490    535    351    399
    56 :    380    474    279    183
    57 :    200    515    213    249
    58 :    309    429    322    314
    59 :    367    490    399    489
    60 :    606    605    216    247
    61 :    489    399    588    215
    62 :    187    185    358    159
    63 :    341    291    175    461
    64 :    291     95     91    175
    65 :    471    541    241    470
    66 :    312    573    335    320
    67 :    557    441    618    617
    68 :    147    126    529    202
    69 :    278    436     83    102
    70 :    280     84    101    324
    71 :    420    497    201    456
    72 :     54     43    307    329
    73 :    536    364    193    356
    74 :    611    610    400    371
    75 :    512    369    196    317
    76 :    607    606    247    369
    77 :    247    216    344    293
    78 :    410    368    306    514
    79 :     67    355    372     63
    80 :    529    427    411    527
    81 :    391    516    502    524
    82 :    443    604    465    154
    83 :    553    424    168    485
    84 :    191    357    490    367
    85 :     53     44    357    191
    86 :    306    188    190    246
    87 :    409    367    489    488
    88 :    491    159    603    343
    89 :    343    603     77     70
    90 :     43     55    393    307
    91 :    591    370    303    355
    92 :    257    192    410    538
    93 :     62    366     69      3
    94 :     45     53    191    305
    95 :    190    318     81     74
    96 :     44     54    329    357
    97 :    193    256     79     72
    98 :    186    187    159    491
    99 :    488    489    215    192
   100 :    347    298    197    598
   101 :    287    248    169    172
   102 :     34    276    385     10
   103 :    283    353    219    545
   104 :     33    507    556     11
   105 :    571    479    309    199
   106 :    561    235    428    464
   107 :    330    382    484    273
   108 :    201    163    248    287
   109 :    210    557    617    616
   110 :    477    116    120    530
   111 :    113    106    384    613
   112 :    573    413    333    335
   113 :    219    208    165    554
   114 :    334    580    296    223
   115 :    527    411    334    298
   116 :    132    142    162    463
   117 :    131    143    377    430
   118 :    133    141    572    250
   119 :    554    165    274    567
   120 :    352    472    593    263
   121 :    472    542    152    593
   122 :     57    228    416     41
   123 :    248    227    391    169
   124 :    106    112    333    384
   125 :    455    224    381    310
   126 :    143    130    404    377
   127 :     56    395    396     42
   128 :     42    396    393     55
   129 :    396    394    158    393
   130 :    395    203    394    396
   131 :    245    356     78     71
   132 :     66    397    366     62
   133 :    304    513    160    292
   134 :    255    158    513    304
   135 :    159    358    245    603
   136 :    612    611    371    373
   137 :    196    293    327    365
   138 :    303    540    186    500
   139 :    153    452    402    277
   140 :    388    254    532    458
   141 :    214    470    505    203
   142 :     38    177    232     59
   143 :    273    484    390    478
   144 :    226    184    615    614
   145 :    363    491    343    398
   146 :    215    588    501    368
   147 :    370    543    540    303
   148 :     52     45    305    605
   149 :    149    124    477    212
   150 :    205    156    587    155
   151 :    212    477    530    294
   152 :    325    121    118    171
   153 :    464    428    379    533
   154 :    296    238    560    577
   155 :    141    132    463    572
   156 :    298    334    223    197
   157 :    413    524    384    333
   158 :    279    478    295    465
   159 :    263    593    417    518
   160 :    221    253    418    583
   161 :    233    480    268    509
   162 :    585    561    464    383
   163 :    482    239    347    407
   164 :    275    544    184    226
   165 :    163    407    227    248
   166 :    173    567    412    414
   167 :    202    529    527    239
   168 :    295    170    563    269
   169 :    519    446    269    563
   170 :    422    424    157    423
   171 :    520    362    485    445
   172 :    586    520    445    243
   173 :    266    566    323    595
   174 :    476    425    597    289
   175 :    595    323    100     86
   176 :    281    179    426    599
   177 :    223    296    577    544
   178 :    142    131    430    162
   179 :    545    219    554    354
   180 :    144    129    311    260
   181 :    383    464    533    150
   182 :    227    598    516    391
   183 :    164    173    414    419
   184 :    375    555    457    276
   185 :    135    139    288    515
   186 :    315    534    455    600
   187 :    382    392    164    484
   188 :    431    294    297    580
   189 :    177    387    271    232
   190 :    459    262    233    389
   191 :    593    152    575    417
   192 :    157    434    435    423
   193 :    423    435     17     27
   194 :    435    336     26     17
   195 :    434    194    336    435
   196 :    421    508    323    566
   197 :    436    313      5     83
   198 :    181    596    265    225
   199 :    439    440     88     97
   200 :    422     16     28    552
   201 :    440    438    182    282
   202 :    549    548    437    442
   203 :    321    406    290    589
   204 :    580    297    238    296
   205 :    136    138    200    151
   206 :    457    284    473    198
   207 :    341    564    236    549
   208 :     90    442    437     96
   209 :    578    471    470    214
   210 :    180    466    469    596
   211 :    166    259    604    443
   212 :    167    486    270    444
   213 :    444    270     30     13
   214 :    519    563    562    487
   215 :    422    423     27     16
   216 :    166    568     31     12
   217 :    443    244    568    166
   218 :    152    174    448    575
   219 :    211    448    449    447
   220 :    447    449     82      4
   221 :    449    339     93     82
   222 :    448    174    339    449
   223 :     60    558    177     38
   224 :    232    271    253    221
   225 :    220    565    525    506
   226 :    559    550    262    459
   227 :    450    496    340    433
   228 :    558    277    387    177
   229 :    241    518    264    204
   230 :    418    517    594    403
   231 :    509    268    564    242
   232 :     37    415    558     60
   233 :    458    532    220    496
   234 :    262    195    480    233
   235 :    209    600    345    235
   236 :    411    431    580    334
   237 :    127    147    202    601
   238 :    544    577    210    184
   239 :    576    240    339    174
   240 :    415    153    277    558
   241 :    503     94     92    240
   242 :    354    554    567    173
   243 :    379    432    313    436
   244 :    381    498    374    479
   245 :    194    434    469    466
   246 :    434    157    468    469
   247 :     24     19    550    559
   248 :    494    176    472    352
   249 :     21     23    453    252
   250 :    228    578    214    416
   251 :    284    249    330    473
   252 :    249    213    382    330
   253 :    429    312    320    322
   254 :    244    167    444    568
   255 :    360    231    270    486
   256 :    178    289    167    244
   257 :    586    361    359    520
   258 :     11    556    259     32
   259 :    497    462    163    201
   260 :    524    502    613    384
   261 :    195    337    481    480
   262 :    511    454    153    415
   263 :    175     91     94    503
   264 :    337    194    466    481
   265 :    533    379    436    278
   266 :    224    376    498    381
   267 :    475    212    294    431
   268 :    406    405    592    290
   269 :    476    289    178    446
   270 :    154    178    244    443
   271 :    369    247    293    196
   272 :     63    372    397     66
   273 :    185    319    536    358
   274 :     68    373    591     64
   275 :    368    501    188    306
   276 :    349    499    206    492
   277 :    540    189    187    186
   278 :    515    288    526    213
   279 :    348    315    600    209
   280 :    165    589    261    274
   281 :    589    290    585    261
   282 :    234    559    459    602
   283 :    176    579    542    472
   284 :    583    418    403    299
   285 :    598    197    275    516
   286 :    577    560    557    210
   287 :    539    365    319    185
   288 :    328    317    539    189
   289 :    535    255    304    351
   290 :    543    328    189    540
   291 :    560    171    441    557
   292 :    474    273    478    279
   293 :    376    456    237    498
   294 :    404    260    346    534
   295 :    581    439     97     89
   296 :    581     89     96    437
   297 :    225    265    551    569
   298 :    548    467    581    437
   299 :    387    495    450    271
   300 :    620    619    454    511
   301 :    575    448    211    531
   302 :    253    433    517    418
   303 :    483    383    150    574
   304 :    274    261    483    331
   305 :    154    465    295    269
   306 :    277    402    495    387
   307 :    403    594    471    578
   308 :     58    583    299     40
   309 :     19     25    301    550
   310 :    364    537    256    193
   311 :    258    292    349    217
   312 :    399    351    258    588
   313 :    400    547    328    543
   314 :    294    530    285    297
   315 :    353    250    208    219
   316 :    567    274    331    412
   317 :    453    234    602    401
   318 :    401    602    590    302
   319 :    510    242    451    565
   320 :    300    509    242    510
   321 :    445    205    155    243
   322 :    446    178    154    269
   323 :    361    179    281    359
   324 :    289    597    486    167
   325 :    160    522    523    499
   326 :    499    523    521    206
   327 :    523    264    229    521
   328 :    522    204    264    523
   329 :    213    526    392    382
   330 :    170    218    562    563
   331 :    140    133    250    353
   332 :    240     92     93    339
   333 :    181    225    230    467
   334 :    430    377    315    348
   335 :    407    347    598    227
   336 :    432    199    316    313
   337 :    199    309    314    316
   338 :    158    394    528    513
   339 :    513    528    522    160
   340 :    528    505    204    522
   341 :    394    203    505    528
   342 :    155    587    231    360
   343 :    138    135    515    200
   344 :    462    482    407    163
   345 :    151    200    249    284
   346 :    495    458    496    450
   347 :    590    389    300    254
   348 :     20     24    559    234
   349 :     61    511    415     37
   350 :    126    148    427    529
   351 :    385    198    380    507
   352 :    492    206    408    350
   353 :    329    307    255    535
   354 :    514    306    246    161
   355 :    189    539    185    187
   356 :    327    257    538    342
   357 :    216    409    488    344
   358 :    188    308    318    190
   359 :    373    371    370    591
   360 :    319    342    364    536
   361 :    292    160    499    349
   362 :    619    252    272    454
   363 :    460    503    240    576
   364 :    602    459    389    590
   365 :    550    301    195    262
   366 :    357    329    535    490
   367 :    588    258    217    501
   368 :    537    514    161    256
   369 :    398    343     70     76
   370 :    260    311    251    346
   371 :    425    360    486    597
   372 :    150    533    278    280
   373 :    222    601    482    462
   374 :    609    608    512    547
   375 :    344    488    192    257
   376 :    161    246     80     73
   377 :    308    492    350    318
   378 :    504    481    466    180
   379 :    504    268    480    481
   380 :    230    438    440    439
   381 :    579    460    576    542
   382 :    506    525    176    494
   383 :    487    562    566    266
   384 :    424    553    468    157
   385 :    586    519    487    361
   386 :     10    385    507     33
   387 :    414    412    508    421
   388 :    405    348    209    592
   389 :      9    375    276     34
   390 :    362    551    553    485
   391 :    137    136    151    555
   392 :    470    241    204    505
   393 :    525    570    579    176
   394 :    402    388    458    495
   395 :    242    564    341    451
   396 :    207    574    324    326
   397 :    534    346    224    455
   398 :    412    331    207    508
   399 :    526    545    354    392
   400 :    125    149    212    475
   401 :    266    595    426    179
   402 :    124      7    116    477
   403 :    286    181    467    548
   404 :    389    233    509    300
   405 :    272    401    302    452
   406 :    452    302    388    402
   407 :    595     86     99    426
   408 :    599    426     99     87
   409 :    493    571    199    432
   410 :    592    209    235    561
   411 :    148    125    475    427
   412 :    261    585    383    483
   413 :    530    120    117    285
   414 :    587     29     14    231
   415 :    359    281    182    267
   416 :    231     14     30    270
   417 :    424    422    552    168
   418 :    428    493    432    379
   419 :    568    444     13     31
   420 :    386    494    352    584
   421 :    586    476    446    519
   422 :    520    359    267    362
   423 :    461    175    503    460
   424 :    564    268    504    236
   425 :    236    504    180    286
   426 :    341    549    442    291
   427 :    235    345    493    428
   428 :    556    183    604    259
   429 :    237    287    172    546
   430 :    498    237    546    374
   431 :    238    325    171    560
   432 :    484    164    419    390
   433 :    169    391    524    413
   434 :    427    475    431    411
   435 :    507    380    183    556
   436 :    502    226    614    613
   437 :    254    300    510    532
   438 :     22     21    252    619
   439 :    463    162    405    406
   440 :    276    457    198    385
   441 :    565    451    570    525
   442 :     41    416    395     56
   443 :    129    145    332    311
   444 :    239    527    298    347
   445 :    146    127    601    222
   446 :    441    122    119    618
   447 :    374    546    312    429
   448 :    596    469    468    265
   449 :    265    468    553    551
   450 :    211    447    582    531
   451 :    531    582    521    229
   452 :    582    408    206    521
   453 :    447      4    408    582
   454 :    517    386    584    594
   455 :    252    453    401    272
   456 :    454    272    452    153
   457 :    541    263    518    241
   458 :    236    286    548    549
   459 :    518    417    229    264
   460 :    584    352    263    541
   461 :     23     20    234    453
   462 :    218    421    566    562
   463 :    331    483    574    207
   464 :    156     15     29    587
   465 :    361    487    266    179
   466 :    586    243    425    476
   467 :     12     32    259    166
   468 :    168    552    156    205
   469 :    358    536    356    245
   470 :    192    215    368    410
   471 :    246    190     74     80
   472 :    601    202    239    482
   473 :    516    275    226    502
   474 :    456    201    287    237
   475 :    311    332    420    251
   476 :    251    420    456    376
   477 :     39    221    583     58
   478 :    299    403    578    228
   479 :    340    506    494    386
   480 :    305    191    367    409
   481 :    365    327    342    319
   482 :    307    393    158    255
   483 :    318    350     75     81
   484 :    350    408      4     75
   485 :    139    134    283    288
   486 :    392    354    173    164
   487 :    546    172    573    312
   488 :     59    232    221     39
   489 :    417    575    531    229
   490 :    416    214    203    395
   491 :    225    569    438    230
   492 :    362    267    569    551
   493 :    243    155    360    425
   494 :    496    220    506    340
   495 :    485    168    205    445
   496 :    297    285    325    238
   497 :    552     28     15    156
   498 :    542    576    174    152
   499 :    600    455    310    345
   500 :    378    222    462    497
   501 :    285    117    121    325
   502 :    310    381    479    571
   503 :    570    461    460    579
   504 :    532    510    565    220
   505 :    271    450    433    253
   506 :    555    151    284    457
   507 :    280    278    102     84
   508 :    267    182    438    569
   509 :     98     88    440    282
   510 :    282    182    281    599
   511 :    162    430    348    405
   512 :    145    128    378    332
   513 :    197    223    544    275
   514 :    467    230    439    581
   515 :    286    180    596    181
   516 :    208    321    589    165
   517 :    473    330    273    474
   518 :    419    414    421    218
   519 :    198    473    474    380
   520 :    574    150    280    324
   521 :    123    137    555    375
   522 :    433    340    386    517
   523 :    371    400    543    370
   524 :     65    612    373     68
   525 :    547    512    317    328
   526 :    479    374    429    309
   527 :    183    279    465    604
   528 :    172    169    413    573
   529 :     46     52    605    606
   530 :     51     46    606    607
   531 :     47     51    607    608
   532 :     50     47    608    609
   533 :     48     50    609    610
   534 :     49     48    610    611
   535 :     35     49    611    612
   536 :      2     35    612     65
   537 :    107    113    613    614
   538 :    114    107    614    615
   539 :    108    114    615    616
   540 :    115    108    616    617
   541 :    109    115    617    618
   542 :      6    109    618    119
   543 :      8     22    619    620
   544 :      0      8    620     36
Number of domains 8
  Domain :      0 
  Name : Symmetry
  Number of elements :     28
     0     1     2     3     4     5     6     7     8     9
    10    11    12    13    14    15    16    17    18    19
    20    21    22    23    24    25    26    27
  Domain :      1 
  Name : Entity 1 
  Number of elements :     28
    28    29    30    31    32    33    34    35    36    37
    38    39    40    41    42    43    44    45    46    47
    48    49    50    51    52    53    54    55
  Domain :      2 
  Name : Entity 2 
  Number of elements :      8
    56    57    58    59    60    61    62    63
  Domain :      3 
  Name : Entity 3 
  Number of elements :     14
    64    65    66    67    68    69    70    71    72    73
    74    75    76    77
  Domain :      4 
  Name : Entity 4 
  Number of elements :     22
    78    79    80    81    82    83    84    85    86    87
    88    89    90    91    92    93    94    95    96    97
    98    99
  Domain :      5 
  Name : Entity 5 
  Number of elements :     14
   100   101   102   103   104   105   106   107   108   109
   110   111   112   113
  Domain :      6 
  Name : Entity 6 
  Number of elements :      8
   114   115   116   117   118   119   120   121
  Domain :      7 
  Name : Bottom
  Number of elements :     28
   122   123   124   125   126   127   128   129   130   131
   132   133   134   135   136   137   138   139   140   141
   142   143   144   145   146   147   148   149
